4.091434,2.641272,4.701068,-6.928086,7.969216,8.962862,8.543657,-11.576923
2.495132,1.625194,1.082712,-1.205436,2.302084,5.428958,2.053514,-2.556778
-2.222140,4.479211,4.333511,-0.456135,-4.262985,-1.389173,6.323032,2.016018
1.554931,2.671225,4.614421,-0.266143,1.151283,2.597987,5.511776,-3.741035
1.085200,0.864138,3.779900,0.850222,1.475176,2.274381,2.586818,-1.871216
1.101990,1.442299,4.840471,-6.489447,7.398489,8.230279,5.767981,-6.801203
1.086601,2.670505,2.895668,-1.630219,1.749761,3.951366,6.346615,-3.353866
0.410630,1.989727,3.378421,0.175986,2.432605,1.980417,4.573297,-2.050484
4.677381,1.495269,4.461800,-4.630318,9.148966,10.335020,7.023601,-11.528922
6.267860,-2.569046,-0.358163,2.478165,9.374229,4.861614,-2.123146,-8.232526
3.026707,-0.036943,3.744348,-2.164503,6.744685,1.996449,6.928304,-9.100116
3.377500,1.347100,4.092149,-6.259778,8.330684,8.563620,6.726279,-10.201264
1.211503,3.541217,5.527702,-3.291929,5.419916,6.341987,9.350997,-6.905569
5.938550,1.494670,3.625065,-1.523652,6.615505,4.617593,5.049723,-8.812228
4.598607,-1.569676,-0.495435,1.094350,7.308453,6.172848,-1.081434,-4.980313
4.110140,0.338145,3.251637,-0.217434,8.610108,6.339430,5.265374,-9.575088
0.662502,2.436864,3.084281,0.236582,-0.182347,0.497342,5.392416,-2.241053
1.832795,2.317850,3.082557,-0.372548,1.330917,3.088026,5.018473,-4.376642
4.675114,1.189708,4.153849,-2.789730,9.301449,9.256161,7.099014,-11.043580
1.077306,1.537190,3.072522,1.478866,4.182514,2.308508,3.667951,-2.804676
3.858809,2.802563,5.411043,-2.267037,5.608345,5.994598,5.997140,-7.770560
3.400187,0.065222,0.245983,1.153031,2.400067,3.254592,1.917624,-4.210529
4.328293,1.916265,5.315574,-3.963966,7.808633,9.012264,7.342132,-10.914973
3.048782,2.777201,3.074228,-1.641514,6.433246,6.298446,6.124391,-4.362706
-2.899382,2.541764,2.198609,-0.128766,-2.116206,-4.814202,5.520427,1.465048
4.598607,-1.569676,-0.495435,1.094350,7.308453,6.172848,-1.081434,-4.980313
4.887636,0.430300,1.587184,-1.711996,7.630158,6.057521,4.586585,-8.005041
0.971348,4.295689,4.507923,-1.827221,0.376221,1.805902,8.601517,-3.110689
0.910494,1.585456,2.517329,1.045315,-0.705406,0.986339,2.582334,1.177475
1.327087,3.662741,1.954502,-1.301345,-1.261104,2.320940,4.272064,-0.358574
2.226704,3.803373,4.628751,-4.464705,4.653740,6.313814,9.651967,-7.301268
2.543909,1.835646,4.032761,-1.513175,4.308516,4.053362,6.642971,-7.195313
4.124881,2.866123,5.349463,-5.166218,8.286836,9.520987,8.800795,-11.454120
3.704997,1.308073,3.898535,-4.054482,8.009059,9.355166,4.364241,-8.533892
4.792707,2.923196,5.560658,-4.941496,7.251492,8.119356,8.654879,-11.774863
5.238871,0.072519,3.292423,-2.005706,8.712761,6.569987,4.554011,-11.278995
4.164053,1.473287,2.782234,-0.038986,7.596148,5.969094,4.450303,-6.992570
4.131786,-0.469471,3.426190,0.948734,8.310582,5.552800,4.074209,-8.841907
3.924566,-2.133701,2.344933,0.763847,8.982691,4.116384,2.185678,-8.593483
5.253679,0.865067,3.476565,-1.529476,6.502897,6.497226,5.189187,-9.952340
1.037616,2.013547,1.921453,-0.634612,1.714023,3.122981,4.254040,-1.615169
5.167174,1.242619,3.967842,-1.077047,9.748050,8.218519,4.927099,-10.230094
5.208716,0.030246,3.231651,-0.294709,7.947814,7.018259,3.410831,-9.980028
3.255334,-0.707815,1.953727,1.250131,8.003966,5.421701,2.837248,-6.118670
-0.427598,1.355913,3.418336,-6.662619,4.073019,4.896854,6.009792,-3.603891
4.317051,1.424937,5.164000,-3.120967,8.600956,8.587448,6.981479,-11.330601
1.792844,1.100331,4.108236,-4.414341,4.554670,3.527556,7.392751,-7.854793
1.943255,0.617673,2.704697,0.560729,5.605567,2.686695,5.093672,-4.295812
4.351810,0.544515,3.484788,-2.444710,7.059278,4.762683,6.882618,-8.674182
4.205600,1.933900,2.582053,-1.241191,8.494719,7.996570,4.191729,-7.706732
3.321341,1.616842,4.118902,-2.533945,5.777012,3.418538,8.263729,-9.194983
5.846579,0.753406,4.290332,-3.080543,7.902380,7.119405,6.715042,-11.705531
4.861682,2.681945,5.473121,-6.372917,9.112015,9.397224,8.554807,-13.280496
1.788884,1.946218,6.373715,-2.479497,7.879060,7.768564,4.382995,-8.024274
0.020343,2.547278,2.869160,1.285102,1.188487,1.284537,3.451830,-1.200078
1.784324,1.831406,3.330344,-7.137054,5.836554,7.075410,6.492897,-7.307042
3.012983,2.324521,3.762109,-2.295784,3.131481,4.694452,6.246052,-7.898137
3.723096,1.846811,2.757716,-1.009529,7.575415,5.673861,5.437056,-8.481263
1.875232,3.233089,6.278026,-4.165382,5.569011,7.723015,7.949743,-7.619052
4.332871,1.930430,4.860316,-5.027672,8.995699,10.233004,7.578677,-11.665279
4.960762,0.144620,2.841024,-3.134887,9.548742,9.596985,2.208987,-9.581622
-0.147689,2.710314,2.220565,0.892376,-1.794110,0.848366,3.633754,0.512639
3.919395,1.647202,3.905146,-2.070896,5.265523,5.962182,6.317882,-7.833538
3.594065,-0.265767,0.899271,0.907960,4.709169,5.282922,2.092807,-3.826921
0.378188,1.875396,2.049816,-3.561681,-0.156161,-0.637384,5.266672,-1.775697
0.584403,0.018010,4.975489,0.858904,6.585082,4.788439,0.046973,-4.523872
2.796595,0.581278,-2.114731,0.244009,0.155004,2.636436,-0.516436,2.160321
4.516225,-0.690678,3.174015,-2.435095,7.954416,6.528977,2.859490,-9.473189
-0.004930,3.480264,4.137018,-0.833887,-1.689497,-0.009354,6.182558,-1.378890
4.363394,0.916501,3.638404,-0.411796,8.036116,5.763729,5.658588,-8.984599
3.559641,2.945272,2.970090,-1.229008,5.216835,4.528193,6.371423,-6.236344
5.489160,-1.562952,2.107724,-1.092864,9.664654,7.250437,1.804747,-10.560332
4.002942,-0.044202,3.090374,0.412315,8.108799,7.294308,0.197714,-6.804483
4.501706,0.756142,4.689771,-2.729583,9.921209,9.886696,6.140641,-12.103005
2.534487,0.205918,0.614358,0.154775,5.363364,2.884183,3.384629,-4.983527
3.353103,2.723109,4.118118,-4.677315,6.458121,6.086630,8.872013,-9.879847
3.027668,0.515762,2.898543,0.241712,3.848593,4.714349,3.521717,-5.653868
2.694271,-2.659160,-2.563990,3.493378,4.294126,-0.058483,-4.819038,-2.098956
-0.642113,2.928812,2.598215,-1.147051,1.480352,1.376108,5.557186,-0.270699
3.222398,0.228133,3.989917,-0.135148,7.588746,7.441558,0.733632,-7.049793
2.865598,0.674693,2.648094,1.090794,6.293163,3.182779,4.570677,-6.597838
5.530057,1.431505,3.760887,-4.637176,8.966669,7.663309,6.732842,-11.319028
3.670596,2.012047,5.344850,-3.617480,7.890138,9.557539,5.383070,-9.164796
5.172546,0.212415,1.961740,-2.456013,7.786951,5.844599,4.645984,-9.630246
4.094081,2.237416,5.256164,-6.885267,9.425956,9.859953,8.525049,-11.370421
1.520698,0.875835,1.817992,1.658942,3.582001,3.166544,2.040352,-2.928431
3.365090,0.862011,2.952776,0.431709,5.730715,5.134826,4.622771,-5.519886
1.260733,2.068371,3.258190,-0.868102,4.505311,3.350826,6.825036,-4.305994
4.488105,1.075002,4.785280,-3.476378,9.286116,9.414871,6.135618,-11.352760
4.428069,1.165796,2.494244,-1.363208,6.680124,8.648569,3.378842,-7.813312
6.423706,0.940509,4.334280,-1.679394,8.246468,7.809372,5.293842,-11.087582
4.475529,0.469845,2.066680,-0.112602,6.504689,6.689241,3.566280,-7.797091
4.550407,2.659194,4.841715,-5.059507,8.711851,9.408471,8.683670,-11.725235
5.123993,-0.040054,2.374178,-0.874234,9.539278,7.737536,3.557479,-7.591231
-1.252249,3.074204,1.510964,0.774386,-3.355189,-2.012372,4.724788,2.024812
2.532563,4.058674,5.670164,-2.356559,2.711119,5.604574,6.272304,-4.623337
0.399923,2.409198,2.884615,1.291494,1.537643,0.535048,4.469405,-0.849981
4.402218,-0.610493,1.356194,0.939512,5.867767,4.052462,2.570457,-7.244706
3.907183,2.527581,6.655818,-4.141376,6.788146,8.028496,6.178703,-10.084728
2.732124,3.022291,3.623239,-1.411733,1.889993,5.086349,4.096815,-3.749020
-0.128231,3.564497,2.923906,-1.302794,-0.692511,1.241200,5.663839,0.191686
2.832494,-1.846467,0.492876,0.088503,2.897816,0.710776,-0.603644,-3.996128
2.571690,3.173300,2.839986,-1.352426,4.212733,3.888477,6.585161,-3.958165
3.867781,0.731024,4.377840,-1.543656,6.048633,6.756152,3.545765,-8.327436
5.332964,0.452294,3.525348,-0.551911,7.714514,7.500599,3.724375,-9.200449
2.488705,2.580304,3.767932,-6.907112,6.326035,8.248789,7.249064,-7.851267
4.850421,2.069640,3.688257,-2.019574,7.087084,6.963118,6.184806,-9.421678
2.554191,0.466770,3.618591,1.971441,5.855941,3.744699,2.678542,-5.998792
4.535355,2.325965,5.808453,-4.897870,9.491065,10.201340,8.347351,-12.161900
3.630607,3.694073,3.692554,-2.300571,5.691179,5.222768,7.465615,-6.637038
2.630500,-0.108391,2.432923,1.653694,6.437172,2.940187,3.369159,-6.301013
0.641192,2.503051,5.654733,-5.861938,6.320675,8.015228,6.665623,-5.830960
3.965953,0.541466,2.580780,2.011153,5.277636,4.010183,2.172427,-6.850844
3.469187,1.358516,2.531870,1.002723,6.116893,4.421651,3.786143,-6.329019
-1.512879,4.760724,2.499895,-1.358397,-2.211723,0.948098,6.793360,1.912655
3.026707,-0.036943,3.744348,-2.164503,6.744685,1.996449,6.928304,-9.100116
-1.290825,2.785135,3.166338,0.053777,-1.064213,-2.087620,6.421891,-0.727379
4.160282,0.224628,2.200975,0.521576,8.262125,6.648138,3.286091,-7.629550
3.911374,0.189676,1.929828,1.328810,7.020955,5.662516,2.609896,-6.653808
2.649639,1.842925,4.261539,-0.807833,5.692696,4.635141,6.638851,-7.000235
1.167041,2.578813,2.846334,-1.110066,0.835748,3.363825,4.707494,-2.893991
6.101812,1.319074,3.590037,-2.241312,10.151369,9.054729,5.342678,-10.647374
-1.554255,3.513803,3.639842,-0.998954,-0.205013,0.586512,7.729669,-1.528696
1.728512,2.565569,4.858176,-0.375427,1.995944,3.806678,3.777756,-2.539216
2.557086,-0.185196,3.221302,-2.442320,6.533217,1.933708,5.845405,-7.828795
0.245058,1.473312,0.968258,2.066096,0.674760,0.946569,2.109307,0.500082
4.829126,0.297421,4.068370,-1.458467,10.571717,10.589108,3.521522,-11.981668
3.637086,2.657546,5.215329,-4.717037,9.487870,10.323439,8.534664,-10.322886
1.127914,0.534488,1.721351,1.844671,1.565569,2.039195,2.221783,0.091143
1.374126,2.155650,2.593684,-0.132341,1.444721,2.431380,4.785103,-2.790070
1.381933,3.365088,3.699776,-1.859349,3.603743,4.720383,7.626172,-4.397160
3.322628,0.155206,4.356083,-2.501723,7.942126,7.905689,5.868395,-9.672394
4.610937,2.108513,4.364141,-5.014705,8.761093,10.642918,7.791308,-11.495666
2.767209,-1.037684,1.334957,2.079959,4.995742,3.611283,1.717092,-4.425384
5.454073,1.176267,4.048514,-1.194775,8.280818,8.391157,5.356708,-9.714016
5.433392,0.117645,3.570345,-3.527166,8.893593,7.667879,5.874890,-11.769097
3.231041,2.580703,4.825095,-6.639438,8.433683,9.847765,7.987104,-10.424357
1.140320,3.467481,3.778366,-0.532376,-0.131478,2.570388,5.113618,-1.927946
0.465051,4.818701,2.966273,-1.472594,-0.179905,1.346324,7.017367,-0.639843
2.890496,2.003048,1.757988,0.703231,3.329454,3.660702,3.466989,-2.526538
3.512919,1.639025,3.481234,0.879717,4.059030,4.131166,3.306567,-3.848657
2.420710,-1.093378,1.559067,1.415877,7.493637,3.419394,2.550620,-6.038014
5.054464,1.454268,4.244113,-3.546288,7.930304,5.267768,7.464731,-11.474411
2.938784,2.407426,5.344641,-4.208131,6.345157,6.776387,9.131557,-8.881562
-1.415700,1.334007,1.528004,-0.558766,0.891807,-1.824074,5.219226,-0.210824
6.243099,-0.135275,1.103327,0.162866,6.758037,7.360727,1.949961,-7.128724
0.114748,3.662069,3.349253,-1.408101,-1.637428,0.699287,6.340288,-0.603131
2.418651,0.662623,1.552675,-0.362469,6.102424,4.536143,4.273785,-4.012819
3.623650,1.372765,2.574795,0.188619,7.150387,5.342850,5.109803,-5.870290
4.360648,0.574611,4.003383,-1.389392,8.147078,5.994782,6.579642,-9.882428
3.035081,2.740833,6.105291,-3.474211,6.993685,8.143473,6.740092,-9.074863
2.396531,-0.654186,3.402869,1.096106,7.079523,4.766821,2.426832,-7.045696
3.989476,0.768475,1.108034,-0.520515,6.672892,5.549420,3.766476,-6.194257
-0.690525,2.255043,3.701221,-0.645551,0.117620,-0.798290,7.031928,-1.648408
5.133771,-0.329531,4.080408,-0.887278,10.399579,8.677905,3.569699,-11.230945
2.226177,1.693248,3.303621,0.578441,5.530177,4.403346,5.160157,-7.841436
5.316250,-1.771500,1.122388,1.894705,9.439384,6.545499,0.038901,-7.952192
2.193621,4.152936,4.328748,-2.704780,4.191726,5.032072,7.859916,-4.383195
3.879376,2.792042,3.074059,-3.134582,6.440665,5.443599,7.486963,-8.180790
3.338397,2.563857,6.133096,-3.839971,7.480443,8.910921,6.681740,-9.643089
4.265702,2.209666,2.575639,-1.825379,5.243121,7.693474,3.824175,-7.431159
4.145174,0.262729,4.086102,-3.184253,9.738403,10.051517,5.510198,-11.626269
0.375129,-0.487186,3.090231,2.438676,4.729148,2.353329,1.122118,-3.931704
3.027041,2.048618,4.148434,-4.518925,7.831631,9.640085,5.177653,-8.314979
-2.078619,1.997943,4.818783,-5.202658,2.928606,4.354046,6.880806,-2.027952
3.723396,-2.853193,1.543138,-2.116573,5.950655,3.096069,0.239486,-6.757680
1.611819,-0.441353,3.866722,-2.234144,4.955360,2.910092,4.622186,-6.643876
2.804380,0.323101,0.471130,-0.471627,2.747159,4.533221,1.591646,-3.627410
7.206572,-0.845444,2.096234,0.436555,11.221291,8.691147,1.162783,-10.656835
3.293113,2.293079,4.214553,-2.499878,4.448659,5.226919,6.613668,-8.433390
-0.817877,2.806696,0.884136,1.429795,-2.786736,0.197159,1.785332,3.597468
2.839102,2.052432,2.836676,0.040543,5.310744,4.809444,4.818559,-5.327204
3.999191,0.540037,3.271201,-2.385482,5.839369,4.868112,4.594838,-8.069379
-0.728389,2.497861,2.360499,-0.824738,-0.370746,-0.516789,6.741870,0.364821
2.329547,-0.438206,3.766350,-3.032105,6.280471,0.942745,6.433199,-9.220497
2.960697,-0.763510,3.681613,-2.207003,6.752843,1.152204,5.663860,-9.295584
-0.962816,3.261068,2.528837,-0.768405,1.031813,1.017239,6.405463,0.085626
4.220201,1.765787,4.409711,-4.130479,8.914876,10.684347,7.151106,-10.976340
4.015937,1.654781,3.008865,0.560283,6.368056,5.809801,3.142269,-5.978795
-0.697189,3.408647,5.333422,-1.614305,0.691820,1.487582,6.958215,0.314516
0.376873,1.365958,5.726670,-2.113244,4.182332,3.167801,7.102630,-6.090186
5.282904,-0.364364,2.489674,0.640390,6.195956,4.691231,1.678461,-7.482283
4.688569,0.233773,4.456393,-0.670019,8.386161,6.918964,5.755251,-10.409283
5.272960,0.415169,3.808087,-0.824690,9.210389,9.313797,1.148436,-9.200615
4.235254,-0.034089,2.845698,0.616473,8.009685,6.365248,3.832553,-8.294480
2.020039,1.854636,3.271321,0.071711,5.118966,3.751969,5.687497,-4.977575
3.292075,1.403058,2.253649,-0.167753,6.738589,5.957869,4.761420,-5.115151
4.706639,-1.046285,0.296226,3.962314,8.550009,5.971201,-2.730066,-6.822181
3.350365,-0.138976,0.476061,1.179747,6.116263,7.098359,0.349064,-3.914153
1.143191,2.859023,3.935173,-6.452081,5.277333,7.771890,6.851769,-5.323646
1.909950,3.798367,5.718748,-3.009909,4.564476,4.912487,8.804705,-6.663277
4.678824,0.866012,3.937335,-0.802536,6.400708,5.711013,2.776408,-7.823079
2.040258,-0.253442,0.410057,2.774809,2.793300,2.912590,0.933737,-1.613276
0.101111,2.197421,2.048159,0.544109,2.556266,2.538394,4.563932,-1.894170
0.127221,4.768879,4.084132,-2.161046,0.963952,2.707589,8.669592,-1.699527
1.719876,2.377403,3.410899,0.043207,-0.093542,2.410961,3.550597,-2.100272
2.409529,2.325554,5.536047,-1.976826,6.458715,6.192081,7.656632,-8.613100
0.998803,0.259730,3.210344,-2.301578,3.799442,0.296253,7.246343,-5.955769
1.683830,0.392350,1.927674,-0.108559,5.046360,2.045335,5.082090,-4.992782
1.438124,0.105742,2.826449,-4.742590,4.699208,3.080075,3.458293,-6.168875
4.680949,2.871460,5.300052,-6.295159,9.664142,10.958406,8.267181,-11.860964
3.522311,3.055986,4.570611,-3.940993,5.950506,6.034445,9.088991,-7.998133
2.948778,-2.049820,2.128036,0.045988,6.372249,2.213959,3.080566,-6.415842
2.722564,-0.039080,4.498835,-2.458065,5.904342,4.644224,5.003534,-7.771711
3.630607,3.694073,3.692554,-2.300571,5.691179,5.222768,7.465615,-6.637038
-0.317077,5.109150,2.803542,-2.161640,-0.775042,1.349838,7.645883,0.094186
2.377763,4.321518,5.442333,-3.138770,1.712061,4.959721,7.077694,-4.535243
2.745991,1.443145,4.394736,-4.362417,8.590844,9.684961,4.523495,-7.623101
2.609502,0.493494,4.128076,-0.833449,6.705400,5.124782,5.222529,-7.542864
4.356594,1.749151,4.200626,-2.621786,6.409498,5.603401,6.581933,-8.746944
3.885162,-0.413868,1.917999,-1.143967,8.080296,7.335752,0.672774,-8.006168
0.794961,4.791647,4.106932,-2.748931,-2.020851,1.245095,5.987933,-0.645063
3.908408,-0.467942,2.515808,1.836156,7.437779,6.660081,0.342666,-5.734483
3.126400,1.036000,2.037824,-0.970298,5.913645,3.284697,5.272621,-5.863909
4.424276,2.445905,4.082644,-4.907361,7.039599,6.184268,8.533244,-10.774573
0.456502,0.856873,2.025111,1.124120,4.400048,2.052206,3.543061,-1.866435
5.475330,1.767445,4.692005,-2.302315,8.533621,8.233597,6.293198,-11.316841
3.549233,1.254777,4.502463,-2.936299,7.123575,7.759298,4.514920,-8.145807
1.895538,2.687520,2.811618,-0.318317,3.760016,4.094725,4.578862,-3.321818
-0.476301,2.567114,2.800980,-0.655693,2.047585,1.907981,6.258361,-1.485353
3.406763,2.645261,3.589009,-2.042895,6.096519,6.689228,6.991594,-6.666492
3.045154,2.953840,6.320817,-3.644368,6.900444,8.582389,7.014312,-9.131637
-2.523999,2.777785,2.937950,-1.592003,-2.698737,-3.924063,6.726417,2.122136
4.888748,2.363658,3.164943,-2.296249,6.710971,7.262636,5.971361,-7.928797
2.860683,1.659296,4.767692,-1.762983,4.823004,4.929974,7.077208,-8.285927
2.393679,3.423581,4.966903,-3.179067,5.146405,4.561827,9.921247,-8.732122
2.771321,-0.951509,3.379980,-2.899738,6.648429,1.160174,5.339647,-7.544650
2.307444,2.034856,1.842395,-3.212521,1.406765,2.708420,4.845055,-3.253156
0.722300,1.191827,2.696383,0.775140,-1.450662,-1.446855,3.542883,-1.781568
2.306035,1.967230,2.262238,-0.162143,2.888064,4.467957,4.063750,-3.553625
1.322482,2.734388,3.311493,0.083891,0.940333,2.746171,4.342926,-1.223951
1.158562,1.135621,2.466916,0.011135,3.887516,1.813433,5.684776,-3.115039
3.119870,0.944734,0.768704,0.663452,3.018561,4.394460,2.495718,-2.666908
1.066064,2.051859,3.487316,1.944145,2.035532,1.611997,3.861212,-4.930438
1.611201,0.089177,3.623785,-2.018337,5.550027,0.550021,6.754194,-7.520400
4.380327,1.933621,4.397698,-3.734533,6.349007,6.925854,7.706673,-9.833382
0.790833,0.905483,2.154446,1.335852,3.844576,1.432807,3.927315,-2.319427
3.239778,2.406479,5.446401,-4.109179,7.992090,9.198165,5.767627,-9.572523
4.131786,-0.469471,3.426190,0.948734,8.310582,5.552800,4.074209,-8.841907
0.874131,2.364764,3.480109,0.437517,3.248419,2.496366,6.055511,-4.385758
4.578355,1.783936,3.788538,-2.332474,8.826541,7.218982,6.312347,-9.963569
4.908288,0.162350,2.605824,-0.149589,8.819950,7.201888,2.640051,-10.090421
3.203822,0.809128,1.889159,-0.260807,6.224410,5.472594,4.436863,-5.312935
1.452730,2.308184,1.622155,0.003691,-0.677522,2.820891,2.693435,0.760278
2.624896,-0.846822,3.512532,-2.436378,6.414409,0.853190,5.831185,-9.268090
3.419676,1.477549,5.442951,-2.095223,7.804192,8.554010,3.264784,-8.759830
4.864643,1.755483,4.457066,-3.495225,8.519794,8.752659,7.538002,-9.512960
3.527550,1.080772,5.044829,-0.600806,7.315915,5.051920,5.213507,-9.097281
4.846935,1.803688,5.379638,-2.364959,7.989583,7.171522,7.034576,-11.391742
5.970064,-0.223016,2.848891,0.178906,8.211344,7.051850,2.477037,-9.455012
2.727748,2.014936,4.479474,-7.137779,7.590846,9.090957,6.782267,-8.383750
4.447225,0.974123,2.074064,-0.281830,7.812864,6.638112,4.441138,-6.241887
2.477180,2.347583,1.961419,0.341940,-0.295782,1.858189,2.832214,-1.278654
3.191782,-0.070084,4.050996,-4.538609,6.569443,5.097685,7.747460,-9.651681
3.532878,0.182887,3.735541,-2.961106,5.140096,2.913753,7.091309,-8.728084
3.166194,2.121519,5.867116,-3.287776,7.474305,8.383667,6.346304,-8.409714
5.109600,-0.492867,0.411962,2.124321,7.421298,6.548122,-0.651864,-5.771310
2.505220,-0.107343,1.364505,1.513226,5.677654,3.823285,2.374918,-4.413030
5.545325,1.531394,4.844047,-1.429385,7.615546,7.387626,5.349744,-11.326397
2.231609,1.698256,2.837695,-0.339266,4.741601,3.902711,5.971473,-4.628313
1.916369,0.375013,3.289802,-3.856494,4.037000,2.869296,4.886685,-6.888788
5.552774,0.136425,1.933452,-0.603825,8.643129,7.432849,3.697911,-7.662485
4.049127,0.947228,4.596292,-2.945086,9.445568,10.015353,6.723053,-10.577028
1.935262,2.765609,3.239099,0.882745,2.793773,3.101716,3.544912,-2.301559
5.217819,1.039149,4.829849,-3.480101,9.392744,9.004650,6.923686,-10.499095
4.593428,-0.365040,3.169036,-0.658857,10.555197,10.245423,2.859849,-10.762991
0.547266,2.593162,4.352808,-2.640205,0.598161,-0.356667,6.494957,-3.961398
3.899683,0.690045,3.569594,-1.549033,7.283387,6.660071,5.512221,-7.789047
1.921856,1.428446,3.136421,-0.336322,2.936326,3.263960,5.721960,-4.504976
0.723791,0.391044,2.805826,0.993172,3.333213,3.145283,2.623389,-3.033449
5.298882,2.360977,3.049551,-2.286767,7.897315,7.573507,6.059749,-7.774882
0.547266,2.593162,4.352808,-2.640205,0.598161,-0.356667,6.494957,-3.961398
0.724191,2.438747,4.455476,-7.019422,5.142632,7.173052,7.025123,-5.721407
4.192846,2.064584,5.174525,-6.201120,8.228817,8.668602,8.641652,-11.693092
0.779871,-0.108148,4.763505,1.735805,6.353129,4.374351,-0.721967,-4.146435
4.068507,1.384949,2.650711,-1.633470,2.471543,4.639723,2.637359,-4.628828
0.750345,-1.101438,1.378276,-1.748838,4.499773,-0.921095,3.892558,-5.710397
0.584403,0.018010,4.975489,0.858904,6.585082,4.788439,0.046973,-4.523872
5.106834,-0.652927,1.265062,2.946709,7.003365,5.402565,-0.913388,-6.409671
-0.427598,1.355913,3.418336,-6.662619,4.073019,4.896854,6.009792,-3.603891
5.872416,-0.679412,0.877680,0.335842,10.126038,7.377923,1.018726,-8.907737
6.191393,-1.665941,1.545212,1.223602,9.888029,7.648801,-0.120963,-8.687956
3.173396,0.164490,3.151631,-2.066665,4.949375,3.689340,3.557037,-6.945286
4.922404,2.589295,5.401245,-5.880250,9.617558,10.366041,8.732736,-12.869060
4.568138,0.953857,2.974717,-2.568907,9.302380,10.289333,2.180117,-8.328740
5.301576,0.398466,3.058042,-0.917044,8.842941,7.126731,4.937933,-10.078990
3.538813,0.991711,2.076710,0.611525,7.790802,4.615987,3.631950,-6.508719
2.567745,-0.111445,2.233557,-2.925191,5.608508,1.365502,5.337826,-6.842291
2.234738,-0.192935,3.426172,1.693462,4.752395,3.912205,3.167919,-5.507666
5.425411,1.159797,5.113434,-3.710733,8.039051,8.520884,6.408181,-11.979804
1.018127,1.376319,6.024810,-2.112592,7.573751,6.788524,4.248303,-6.845266
0.857525,2.978717,5.189093,-1.033922,3.350589,3.124437,6.112834,-5.549006
4.095640,2.162673,3.446303,-1.326993,5.730266,7.852652,4.398381,-8.072516
4.975371,1.886749,5.261119,-4.864287,8.766757,8.951450,7.590320,-13.315088
3.082786,1.853070,4.024286,0.217394,2.319803,2.652193,4.768127,-5.506177
2.753739,1.877051,2.691945,-0.657735,4.533114,2.817074,6.042876,-5.925253
4.319788,2.008093,4.231278,-1.790321,5.241174,4.036550,7.050850,-8.651966
-1.676956,0.709976,1.095230,0.232360,1.421301,-1.307188,4.325200,-1.138247
-2.296761,3.144821,2.226662,-0.445551,-0.640969,0.299376,6.200559,1.618909
6.224388,0.993916,4.290202,-4.237253,8.999240,8.474150,6.613998,-11.533626
2.164090,2.125771,4.232737,-6.738963,6.879644,8.084236,7.292376,-7.799689
0.596943,1.385162,2.358014,2.384813,1.312805,0.651051,2.303795,-1.587748
4.893005,0.580219,4.160260,-3.015743,8.234880,4.857410,6.842159,-11.150386
4.971604,0.492155,2.515871,-0.665161,7.801050,6.650590,4.325655,-8.105126
5.783009,1.461723,4.567167,-1.584213,6.698527,6.747582,4.724500,-9.191825
2.329547,-0.438206,3.766350,-3.032105,6.280471,0.942745,6.433199,-9.220497
2.984463,0.744470,2.304678,0.684969,6.600889,4.439732,4.117287,-4.915894
-1.014839,3.492258,5.620038,-2.106510,1.824304,2.594067,8.637674,-3.625739
3.706863,1.952813,3.629048,-4.139947,7.156927,6.046476,7.724022,-9.329387
4.363394,0.916501,3.638404,-0.411796,8.036116,5.763729,5.658588,-8.984599
2.506851,1.027646,4.596255,0.602644,5.780407,4.583393,3.392393,-5.665199
4.449010,1.699302,4.220066,-5.229356,8.334438,8.635891,7.952083,-11.160064
4.013116,-0.075511,1.319386,0.433097,6.056068,6.689681,1.588106,-4.637265
5.129374,1.380616,4.132775,-2.267950,8.518780,8.987291,6.208075,-10.715350
2.250485,1.996989,1.763057,1.497229,1.755207,2.728307,2.553032,-1.017674
0.809095,0.600584,1.291090,-1.730333,2.959937,-0.183415,5.095918,-3.173907
4.072198,2.625004,4.263862,-1.695764,5.761517,6.048625,7.418211,-7.389075
2.068201,2.837222,4.268435,-7.290969,6.376051,8.449403,7.542710,-8.044971
2.357441,-2.016488,1.688398,3.033508,7.082954,2.092767,1.099760,-5.573630
3.983876,2.427814,4.583877,-3.545098,7.312654,7.821825,8.300037,-9.895249
-0.100957,0.769977,1.080866,1.138123,1.039977,2.210510,2.462245,-1.189362
2.567745,-0.111445,2.233557,-2.925191,5.608508,1.365502,5.337826,-6.842291
4.407967,-0.681732,3.061233,3.075642,6.531950,4.224778,-3.686413,-5.768294
5.748956,0.860857,2.745279,-0.501413,8.616908,7.758823,3.240229,-8.569871
2.702240,0.367517,1.342362,0.891418,4.621618,4.493625,3.197392,-4.276875
-0.902195,3.725757,3.986382,0.154094,0.127164,-0.437986,6.689868,-0.905119
2.665519,0.753382,2.233891,-0.087294,5.779697,4.115768,4.873609,-6.088517
2.966153,0.795420,3.917543,-3.541270,6.678788,5.264738,4.725458,-8.699700
1.037616,2.013547,1.921453,-0.634612,1.714023,3.122981,4.254040,-1.615169
5.745071,0.700504,4.191107,-4.342619,8.611983,6.816410,6.326359,-12.802403
3.886605,2.608868,5.624073,-7.378265,9.386799,10.309194,8.531120,-11.290479
5.208716,0.030246,3.231651,-0.294709,7.947814,7.018259,3.410831,-9.980028
-4.187501,2.867821,1.652761,-0.574969,-3.966953,-4.381742,5.913904,4.003804
3.600966,1.981208,4.881276,-3.752900,6.873333,7.700003,8.150091,-9.398238
-2.302648,3.636344,2.497121,-0.056328,-4.322323,-1.148958,3.811060,3.865249
3.396248,2.237085,3.576427,-5.769352,7.731245,9.612028,6.281575,-8.278560
5.055364,-0.621532,1.657937,-0.754530,9.338690,5.172827,2.706412,-8.837632
6.133360,-0.367574,2.108895,-1.268052,10.464296,7.715661,2.403209,-10.315726
4.647981,2.199679,5.616205,-4.902042,8.485477,8.801249,8.256275,-12.979687
0.023764,4.280087,4.128765,-2.629792,2.402953,3.006206,9.212580,-2.309097
4.292704,1.317539,3.378393,-1.611889,7.202673,7.263983,5.871386,-7.970094
1.831222,4.004687,4.583256,-3.345737,3.968329,5.155879,9.027886,-6.345984
3.316027,1.466332,3.708232,0.015823,7.031448,5.758462,4.016569,-7.319316
4.180436,1.565446,4.948293,-3.048371,8.047858,6.469056,8.402634,-10.808966
2.226569,0.229737,2.629158,-3.749390,5.830977,4.658667,2.974956,-7.892537
2.625860,1.390127,1.594305,1.460368,0.332270,1.599158,2.573744,-2.663091
2.804380,0.323101,0.471130,-0.471627,2.747159,4.533221,1.591646,-3.627410
4.069730,1.964049,5.206653,-3.463546,8.885463,10.214348,7.731142,-11.656846
4.926312,3.265589,5.027469,-4.872233,8.603846,8.077669,8.765873,-11.157248
-0.183690,1.887371,3.321652,1.872248,0.525373,1.142239,2.820431,-0.982104
3.115490,0.944049,4.832375,-0.082764,4.254463,2.796126,4.206096,-5.793981
3.323001,1.384628,3.174645,0.488428,3.039250,3.191983,2.852880,-3.932944
1.417294,3.833909,5.161569,-2.316651,2.827604,3.614471,8.433200,-5.100934
4.370477,-0.528092,-0.053135,0.712446,6.491139,7.375384,-1.794175,-5.257338
1.488716,1.629108,-0.318155,0.505115,0.317921,2.895107,1.523244,0.792476
2.101129,-0.677923,1.980498,-2.436297,4.540263,1.979581,1.799094,-6.832736
3.377827,1.782410,4.315188,-4.349870,8.770870,9.884389,5.096673,-9.612170
1.037750,3.697631,4.415227,-7.074510,5.020202,8.160528,7.370796,-5.555987
-1.747364,2.180775,1.505764,0.063144,-4.915291,-5.019891,3.850788,2.140674
4.011081,-0.005919,3.587861,-1.565574,10.539167,10.630056,3.626299,-10.884503
2.708061,2.337831,3.804349,-6.451986,6.344823,8.362636,6.694457,-7.110046
2.409529,2.325554,5.536047,-1.976826,6.458715,6.192081,7.656632,-8.613100
-0.482470,1.600791,4.812543,-5.374497,4.371159,5.296933,7.038996,-3.742589
3.321341,1.616842,4.118902,-2.533945,5.777012,3.418538,8.263729,-9.194983
4.462954,2.017334,5.412851,-4.478285,8.445288,8.575651,8.634197,-13.122081
0.963249,1.411221,4.550793,0.481150,2.866811,1.907865,5.065460,-3.846474
1.123398,0.719919,-0.628228,1.756139,1.896824,3.746964,-0.050454,0.330562
0.734382,0.843581,0.612244,1.960330,2.313979,2.205143,1.559666,-0.259489
3.483025,0.484374,1.265183,1.240532,6.321792,4.434337,2.907797,-5.359524
2.310355,3.234681,5.313507,-5.173298,4.062454,4.882620,7.445913,-8.057527
1.712712,3.093154,5.639277,-2.648481,3.319682,6.204637,5.876854,-5.766780
4.498663,0.929775,3.932733,-2.708781,7.737022,6.784747,6.282088,-10.060533
0.553656,3.146246,3.655626,-2.188010,1.303958,1.379197,8.130820,-2.656659
0.573773,3.207343,3.604788,-2.088479,0.937856,3.284082,8.239964,-1.864783
3.006661,2.420471,4.861627,-2.089301,5.368329,6.709925,4.576811,-7.417366
1.962363,0.406239,5.536992,0.788986,7.098908,5.202102,2.185176,-5.729140
1.441644,4.413425,5.310917,-1.779298,3.006319,3.296153,8.900464,-4.809811
1.899960,2.667283,3.030675,-0.081122,2.886428,3.610393,5.780274,-2.940801
4.021284,0.909869,3.111875,-1.164177,6.224640,7.075140,2.850424,-7.321293
4.343051,-0.596139,3.595774,-0.118462,10.236535,9.618621,2.592712,-10.366947
4.629424,2.716973,5.073346,-5.304240,7.731506,9.152990,8.774876,-11.372972
1.404449,-0.328031,1.655674,2.696755,5.016902,2.379916,2.055266,-3.817813
2.232052,0.804133,4.750125,-3.617843,8.085559,8.500954,4.139584,-6.958991
-1.073146,2.920789,6.047206,-0.718042,1.127078,1.302394,5.979056,-2.025836
3.517422,2.288809,2.518118,0.029932,5.931597,4.562365,4.792796,-5.771043
3.885884,1.470347,3.750572,-0.733750,7.217789,6.839096,5.864149,-7.823947
5.371674,1.085896,3.836292,-4.901799,9.584250,8.569567,6.884262,-11.672261
4.227551,1.321141,5.418347,-1.426864,8.393888,7.588557,7.110556,-9.862645
3.522653,0.763416,3.541022,-3.753205,6.355662,5.442717,7.728267,-10.634318
4.278679,-0.360154,3.099518,1.468425,6.769859,5.617711,2.881051,-8.185939
-0.408632,2.708715,-0.031985,-0.278016,-4.523410,-0.289780,1.784938,5.895890
-3.131342,1.731566,2.590158,-2.265376,-1.481672,-4.385668,6.053056,2.069396
0.115655,3.948293,1.833049,-0.287684,-3.069433,1.016684,3.512111,3.618991
-5.069298,2.413604,2.865137,-2.884391,-4.364414,-6.590868,5.803459,3.387214
-0.683242,-0.362746,-0.818044,4.383706,-3.499338,-4.163352,-3.873910,4.199495
-2.303054,0.947300,-0.470407,1.778575,-3.254426,-2.845786,1.885474,5.768896
-3.647373,1.809002,0.258495,-0.004538,-5.110596,-5.093678,3.976092,5.741767
-1.709100,1.859616,-0.934462,2.040246,-5.755578,-4.223179,0.922981,5.808190
-0.929300,4.032587,4.913493,-0.232849,-1.875373,-0.318346,6.361312,0.578329
-3.344075,3.280281,1.331133,0.110611,-5.609825,-4.335744,4.556681,4.312639
-5.887006,2.717113,1.763575,-1.321394,-5.215705,-6.356031,4.816651,5.881171
-4.188587,1.271513,-0.194489,-0.015821,-6.994799,-7.313085,1.799174,7.642552
-1.645332,2.442056,1.345317,2.059228,-2.933505,-2.341253,2.868942,4.203997
0.807018,1.958939,0.195846,0.658096,-2.077131,1.548569,2.171984,2.839587
-2.085178,4.494877,4.818839,-0.309768,-3.307765,-1.497141,7.057619,1.050582
-3.842567,0.999571,-0.264501,-0.969689,-6.439299,-6.900227,1.741546,6.411379
-3.581313,3.298708,1.546326,1.444558,-5.716991,-4.386303,3.468009,5.730652
-5.577803,2.550772,0.360227,0.203475,-6.680306,-7.074708,3.422576,6.139328
-4.494217,3.934800,2.211790,-0.311822,-4.348310,-3.415088,6.442838,5.132793
-4.758558,1.657766,0.127091,0.681872,-5.638754,-6.017188,3.202079,6.344847
-2.020239,4.563668,2.511436,-0.482951,-5.014203,-1.413452,5.294956,3.208199
-4.876686,0.988355,0.016845,0.212902,-4.167121,-5.263757,2.638968,5.558955
-3.874274,1.790905,1.139444,-0.034173,-6.123460,-6.939532,2.744134,5.210342
-4.641108,0.832057,-1.727657,-1.358730,-6.619391,-7.538765,0.703370,6.447681
-5.624602,2.218238,0.999332,-0.415064,-5.850951,-4.379274,3.189969,8.591992
-5.065834,3.530449,1.160630,0.795730,-5.827802,-3.402039,4.186504,7.501822
-4.401805,2.210125,0.494464,-0.368844,-4.104101,-2.037909,3.352645,7.349667
-3.060378,1.939796,-0.103081,0.475869,-5.770591,-5.672887,2.312391,6.407882
-3.633187,2.878914,4.496862,-1.361415,-3.778356,-5.339686,6.615856,1.315679
-2.646015,3.697070,1.179169,0.158653,-4.022720,-1.232871,4.334589,5.205996
-6.334841,1.964431,1.883338,-1.260584,-6.245283,-5.943805,2.761590,8.898803
-0.765966,3.957399,3.149520,-0.319915,-1.804547,-0.117236,5.979485,0.779043
-3.890421,1.661349,0.703377,0.708910,-4.971749,-4.373391,3.450204,6.992559
-5.984719,2.435621,0.927659,-0.220650,-6.020858,-4.607501,3.683249,8.755303
-3.879667,2.690013,2.133155,-1.433762,-3.757371,-2.340043,6.071759,4.328003
-4.175831,2.002396,1.074365,0.537273,-5.747967,-5.950079,3.467117,6.755327
-5.335282,1.714811,0.657342,-0.355205,-5.588819,-6.566212,3.433278,7.396205
-1.103459,3.246412,1.582102,1.178391,-2.844808,-0.291368,3.503643,3.278840
-3.576126,0.253882,-1.528970,0.697982,-2.558319,-3.489835,2.051455,4.524326
-1.541709,4.285289,1.743848,-0.181156,-4.125127,-1.158999,5.117992,4.088951
-4.828729,1.126832,-0.092975,-1.319203,-5.902994,-7.408622,2.626897,5.183649
-3.989744,1.939902,-0.286907,-1.727694,-4.836271,-5.184097,3.862141,5.914436
-3.343453,1.253905,2.152610,-0.341782,-4.169098,-4.802996,4.024123,5.018183
-2.912613,3.264219,2.432044,-0.485373,-3.372781,-3.318320,6.129892,3.713809
-2.513969,-1.585294,-0.827950,0.223922,-2.379932,-4.516339,0.724034,3.365956
-3.772579,1.185395,-1.000018,0.606359,-5.619873,-5.633493,1.862118,7.048390
-1.794730,3.667584,2.155176,-0.208518,-2.150269,-0.426811,5.584970,1.774422
-2.549969,2.111186,1.319188,-0.012463,-3.410513,-1.371699,3.763695,4.514036
-0.090166,3.657637,0.669306,0.257686,-3.029945,0.278812,3.250186,4.557783
-4.372891,2.311429,3.830081,-0.589268,-3.373370,-4.123029,5.716964,2.358213
-4.278814,2.058271,-0.350514,-0.750272,-6.468751,-7.532926,2.524737,6.067524
-3.363132,2.910283,0.311223,0.675100,-4.279428,-2.054193,3.905939,5.914109
-3.452837,3.714385,2.056373,0.245889,-5.627872,-2.538322,4.191279,4.375057
-5.188523,3.139351,3.106985,-1.628244,-3.871074,-4.621912,6.688407,5.103691
-2.446365,2.854662,2.265534,-1.553768,-2.614489,-2.346911,7.104510,3.069608
-1.288339,2.564571,-0.126533,1.022049,-4.258110,-1.803293,2.292225,4.820405
-0.612302,1.865793,0.742548,0.802572,-1.143913,1.231698,2.812656,1.219028
-2.887700,1.001515,0.194158,-0.065270,-5.337544,-6.056841,1.713107,5.691609
-3.223039,0.360673,-0.074738,1.069301,-1.476842,-1.861447,2.648912,3.785286
-3.404693,2.664727,0.580388,-0.430494,-3.075741,-2.635978,4.619135,5.631833
-3.517722,4.295710,1.511311,-0.357391,-4.022657,-2.631132,6.180080,4.568305
-4.700754,3.150499,2.068353,-0.940782,-4.490980,-5.330966,5.706230,4.749262
-2.546735,3.819111,2.356277,-0.602175,-4.559810,-1.415762,4.996895,3.340765
-1.336072,4.406959,3.106236,0.182350,-4.275581,-1.941827,5.191746,2.575636
-0.013891,2.716531,0.300416,-1.166506,-0.861438,-0.158578,5.361522,0.318695
-4.983107,1.533539,0.368209,0.055736,-4.354099,-4.718592,3.365940,6.262764
-2.740660,3.550859,1.933935,0.538397,-4.991177,-1.679848,3.295294,6.408720
-5.019721,2.646661,1.533402,-0.862930,-5.247270,-4.748066,5.109449,7.276607
-3.297149,3.740589,2.400904,1.459694,-5.670048,-4.927964,4.172451,5.060343
-3.698738,2.708401,2.582006,0.231901,-4.473414,-5.722170,4.495607,3.768708
-1.848757,4.122324,2.106347,0.055241,-4.006456,-0.827981,4.595998,4.950512
-1.451817,3.994744,0.161623,-0.328085,-3.988859,-1.103713,3.945341,4.767664
-3.703637,3.561949,3.103292,0.329161,-4.981917,-4.172112,5.365601,5.008934
-3.897517,3.403093,3.559086,-1.088620,-2.855519,-3.880804,7.322503,2.127157
-2.991558,1.880744,-0.179009,0.808613,-5.733040,-5.620367,2.114596,4.999958
-0.549040,4.601226,5.085694,-1.075074,-2.029536,0.206486,7.209500,-0.263892
-3.086117,2.537245,2.622819,0.021350,-4.591697,-1.943184,4.001267,4.117269
-2.048212,-1.385487,-1.646436,-0.173713,-3.571659,-5.519655,-0.811117,3.366422
-4.177432,2.422697,1.106572,-0.776180,-4.422113,-5.295278,4.879738,5.321970
-2.382464,4.119293,3.436482,0.031423,-3.127823,-1.773994,6.434990,2.359366
-4.746115,1.843901,0.345634,-0.608360,-5.282995,-6.782964,3.307309,6.058544
-1.756991,2.311102,1.622112,1.920305,-3.132426,-1.224797,3.036950,3.707407
-4.656663,1.447583,0.188200,0.223114,-6.848129,-7.429383,1.824119,7.850208
-4.784033,1.966122,-0.221857,0.333408,-6.587206,-6.477290,2.837173,8.018545
-6.300738,1.760833,1.305149,-0.463227,-6.451080,-6.608923,3.177454,7.842762
-2.255950,3.649673,1.454976,0.385236,-2.574510,-0.541964,5.501569,4.434034
-3.662307,1.299770,0.562359,-0.165525,-5.786744,-6.384904,2.319903,5.828477
-3.001262,3.182995,0.702602,0.914880,-4.276044,-1.977786,4.148843,5.745579
-5.074186,1.916377,0.984203,-1.335959,-6.280503,-7.633088,3.539650,4.875502
-4.601471,1.240968,-0.411972,-0.410180,-6.542279,-7.353214,1.919790,7.253235
-3.943251,0.970842,-0.353166,-0.526277,-5.236180,-6.789512,2.870801,5.630015
-2.734640,3.458664,2.315786,-0.091207,-3.777345,-3.916466,6.341101,2.572497
-3.175477,3.344783,0.549508,-0.103683,-4.505406,-4.400489,5.337770,3.974396
-0.833558,2.090588,3.434305,0.816537,-0.464700,-0.071142,5.411093,-0.261285
-1.894287,3.109441,3.652657,-0.171817,-2.576989,0.075339,5.176635,0.748681
-1.759479,2.999042,2.081366,0.152163,-3.702530,-0.481834,3.823709,2.663709
-1.860962,2.598932,-0.522850,1.427034,-3.769536,-1.226626,1.908137,5.749039
-4.855665,1.532243,1.454637,-0.743495,-2.985065,-5.048879,4.337743,3.963487
-3.975730,3.622844,2.183736,0.114382,-4.347563,-2.298495,5.584497,5.391690
-4.347334,1.591457,2.757427,-1.953867,-3.704773,-5.267637,4.904402,3.486456
-3.000363,0.773494,0.643200,1.834107,-3.581631,-2.319165,2.226744,5.127106
-0.619837,4.239656,2.856498,-3.953701,1.055053,5.394958,6.708059,-1.369355
-1.425407,4.769537,1.764290,-1.083593,-3.256065,0.109942,6.018377,3.039564
-1.613820,3.565596,0.063185,0.563964,-4.027546,-0.662060,3.150778,4.720595
-4.780723,2.472885,0.133761,0.030584,-6.232979,-6.778637,3.279352,7.096780
-0.775057,3.256258,1.407904,-0.914031,-5.254448,-3.156889,3.049485,2.683729
-2.554648,0.298566,1.657365,-1.693095,-3.418008,-4.316287,3.138811,2.741959
-3.486062,2.742882,1.501878,1.298874,-5.468901,-3.956354,3.349834,6.981471
-4.077088,2.775245,2.153915,-0.894050,-4.485585,-5.635525,5.923829,4.335708
-4.979012,1.932858,0.153275,-0.385248,-5.989912,-6.047615,3.566125,6.874610
-5.517551,3.490594,2.691797,-0.989958,-4.679766,-5.268340,6.237621,4.896378
-3.787417,3.508192,1.321096,0.942785,-5.626882,-3.201247,4.050990,5.977449
-2.709636,1.541678,0.266186,-0.499627,-6.462463,-6.620774,1.316325,6.346138
-3.603791,1.799439,0.489482,0.978279,-4.912066,-5.457423,3.288081,5.731388
-3.583484,2.460372,1.783618,0.265351,-5.662698,-6.169977,3.851774,5.754420
-3.087641,4.257144,1.162217,0.435942,-4.387011,-2.346715,5.072898,4.978214
-2.988072,3.369227,-0.129851,0.802587,-4.108968,-1.731684,3.174091,5.638799
-4.850941,2.971247,1.809194,-0.329086,-5.521233,-5.165484,5.198067,6.556129
-4.850308,3.099451,3.131996,-1.186702,-4.788491,-5.521816,6.101207,4.818749
-4.976566,1.994381,-0.719055,-0.689314,-4.864421,-5.589899,2.960357,6.034979
0.486954,4.239359,2.477394,-0.804044,-1.229827,1.619072,5.253185,1.227850
1.321731,3.137261,0.186174,-2.015465,-0.924374,3.273817,3.728914,1.636534
-3.359943,2.790017,1.895241,0.746668,-4.850569,-4.108531,4.722933,5.331708
-0.158876,2.725772,1.072936,0.509696,0.385675,1.665275,4.429968,0.176264
-5.234491,1.268232,-0.556616,-0.626347,-6.478081,-7.263514,1.871661,6.625971
-2.304328,3.937736,1.846290,-0.185272,-4.191563,-0.833990,4.760920,4.301757
-3.955760,3.574240,3.364864,0.780988,-5.430104,-3.520608,5.008833,5.395280
-0.668807,1.154117,1.196469,-1.111078,-1.112568,-0.615117,3.596797,-0.613219
-2.091068,3.091085,1.397665,-0.601510,-4.279026,-4.183937,5.159012,4.032982
-1.224598,2.828009,0.139225,0.836333,-4.722258,-1.421027,3.060504,5.104557
-3.799186,2.328920,0.398935,-0.126829,-4.098241,-4.199906,4.247953,5.831407
-5.085833,2.559203,1.296979,-0.742121,-4.764684,-4.245597,5.307000,6.493876
-2.138051,2.855530,0.499434,-0.502920,-2.614540,-1.002154,4.521500,4.840266
-3.874590,2.863229,2.595484,-1.134030,-4.619015,-5.973618,5.434073,1.743121
-0.186443,2.133087,1.734054,0.758985,-1.040601,-1.400274,4.244576,-0.174383
-4.117687,2.196837,1.444559,2.087206,-5.150729,-3.980575,2.482696,6.550637
-3.492323,-1.452081,0.381725,0.414434,-2.446236,-4.221816,0.980236,4.152354
-3.017241,2.672215,2.380774,1.210345,-3.248955,-2.779314,4.523601,2.723968
-3.384334,1.395674,1.014392,-0.925148,-5.715057,-6.738265,2.985928,5.704485
-0.316126,0.700775,2.266437,-2.438618,-1.937723,-3.156379,2.542086,0.737781
-1.976419,1.426803,-0.367209,-0.492285,-3.479449,-2.588503,3.743277,4.269155
-2.255648,3.882376,1.718094,0.023130,-4.926356,-2.110600,4.758478,4.744193
-0.571799,0.486171,0.882799,-0.080978,1.702583,0.759354,4.824444,0.009415
-1.950791,2.098953,0.712032,-1.309652,-5.592798,-5.346737,2.459216,4.959486
-4.477284,2.790070,1.040035,-0.968185,-5.317743,-5.507125,4.688404,5.758539
-0.111974,3.915181,2.881105,-0.177246,-0.728203,0.161114,6.068743,0.059882
-0.821322,3.470696,2.400519,-0.387414,-3.765297,0.100948,3.748717,1.272185
-4.585235,1.588120,3.863062,-2.434240,-1.807204,-1.813074,4.910707,3.661977
-0.843653,3.289208,0.497166,0.132637,-4.345269,-0.216195,2.675299,5.939392
-5.138541,2.321552,-0.661077,0.515058,-6.203796,-5.490927,2.873271,8.412477
-4.087303,1.836251,0.863459,-0.078895,-6.153938,-6.911876,2.880574,5.483423
-1.015388,1.108124,1.135043,-0.569010,-1.057984,-2.485186,3.977113,-1.588677
-2.400747,-0.234057,-0.822747,-0.327930,-4.333078,-5.807832,0.915783,5.361080
-5.030029,2.614702,3.684821,-3.364515,-3.610865,-5.781151,6.416981,1.540437
-2.283757,4.794318,2.669510,0.579299,-4.743010,-1.582354,4.471478,5.224052
-4.696005,2.102205,3.454245,-1.448068,-3.687151,-4.841301,5.235259,4.551198
-1.495616,3.998866,2.350306,-0.914477,-2.852657,-1.899645,6.959646,2.351536
-0.794738,3.744852,1.938169,-0.562346,0.310571,1.527005,6.045381,1.108925
-0.034659,3.966980,4.238186,-2.087337,-0.840310,0.655317,8.220324,-2.510987
-3.506862,1.471475,-0.777265,1.266946,-6.718789,-7.112649,1.178786,6.981436
-2.745366,2.241438,1.581101,-0.117643,-5.872451,-6.270974,2.810991,5.916123
0.457910,2.566704,3.167653,0.444476,1.215607,2.573202,3.911132,-0.423008
-3.773020,3.085130,0.795319,-0.139482,-4.633302,-2.947964,5.133660,6.484474
-0.481752,1.833847,2.000092,2.187487,-1.791502,0.061023,2.640200,2.049873
-3.962377,4.096766,3.197033,-1.084795,-3.027761,-2.707505,6.938291,2.536697
-2.304106,2.803179,2.675926,2.018136,-3.869520,-2.593513,3.149763,5.204798
-4.889992,3.069543,0.990815,0.309153,-6.236741,-6.345560,4.125134,6.832113
-1.430933,2.073431,1.040754,-0.991235,-4.646501,-4.584285,3.145205,3.115457
-3.119397,1.655773,0.226159,0.071513,-6.744207,-7.057940,2.008089,6.369537
-3.445959,4.072586,3.667849,-0.948207,-1.729412,-0.687420,7.852090,2.041034
-0.561812,0.821274,2.060087,0.189971,0.327644,-1.696083,4.788243,-0.814032
-4.700816,2.512389,1.697058,-0.575658,-5.382537,-4.775682,3.824814,6.488664
-3.443110,2.797879,3.586590,1.324741,-4.031146,-3.556853,4.829879,3.221931
-2.794841,3.616690,1.963671,0.578262,-5.205737,-2.533499,4.197285,4.579162
-1.672478,0.279528,0.450317,-0.288679,-4.131456,-5.650663,1.347787,3.311200
-2.078136,4.250054,1.363366,0.049678,-5.045828,-1.894120,3.209879,4.856460
-6.651438,2.464368,0.907905,-0.484142,-6.830690,-6.694509,3.256294,9.160598
-0.359242,2.068652,0.836390,1.320037,-0.614990,1.700064,1.415935,2.044931
-3.134243,2.070960,-1.191328,1.767172,-5.388499,-4.337594,1.563307,6.925518
-3.498353,4.055525,2.873098,0.418919,-4.378345,-3.071620,5.660165,4.079806
-4.500845,1.956438,2.407049,-2.261469,-5.029911,-6.993383,4.097421,4.605833
-5.215541,0.945824,-0.719727,-0.913936,-5.775067,-6.967990,2.012008,5.851065
-4.962952,1.715559,-0.252423,0.368310,-6.884492,-7.769750,2.024968,7.312354
-4.644410,3.210224,2.321002,-0.763430,-5.572479,-6.115260,5.655675,5.767448
-3.336231,2.437076,0.824603,0.223439,-5.107968,-5.390061,3.913949,5.140758
-0.437239,4.414598,1.287768,-2.377106,-1.587321,3.622901,4.346368,1.670358
-2.638279,2.013521,-0.647874,-1.926940,-3.545196,-3.740751,3.819478,4.135289
-3.183469,1.580952,-0.611592,1.542325,-3.334197,-1.937003,1.526868,5.671502
-3.611261,0.623669,-0.503870,-0.308650,-5.274879,-6.526565,0.440928,5.563912
-3.452678,2.823499,0.931611,0.192592,-5.755163,-5.200057,3.871096,5.143429
-4.295994,1.885914,2.260148,-2.490179,-2.082047,-5.245305,4.974200,1.010214
-4.797826,2.581077,1.811908,-0.546388,-4.845848,-4.906013,4.759152,5.624112
-1.900402,3.443482,1.333906,1.392603,-3.764639,-1.406298,2.808496,4.521073
-4.073029,3.664090,0.988108,0.604726,-5.456513,-4.002771,4.543504,5.965274
-1.187265,5.115798,1.823321,-1.460679,-4.091853,-0.667495,4.655262,4.760416
-1.888718,3.649300,2.109358,0.568633,-3.864267,-1.387525,4.796148,2.870869
-1.966449,5.243066,2.145876,-0.419888,-3.944242,-0.694570,4.973090,3.707275
-2.869261,-0.710725,1.107861,-1.441830,-3.027996,-5.050859,2.057418,2.259188
-1.750645,2.643126,0.636011,-0.692129,-1.341270,-0.568245,5.202276,2.544698
-5.861497,2.209809,3.453884,-2.092049,-4.519850,-4.578860,4.937946,5.563346
-3.294116,1.985792,0.905467,-0.281059,-5.203958,-6.270037,3.416068,5.305588
0.484478,2.275774,2.226490,0.577732,1.160842,0.301214,4.766288,-1.103851
-2.185016,3.267536,1.669033,2.101304,-4.213165,-3.351556,3.610543,3.141522
-1.794574,3.282469,1.440981,2.012130,-4.282868,-2.374338,3.154000,5.068235
-5.784927,2.817828,2.464091,-1.446668,-5.213551,-5.806052,5.198312,6.416897
-3.833308,0.323673,-0.896412,0.223687,-6.045824,-7.296008,0.404611,5.997810
-5.388892,2.606460,0.800458,-0.518988,-6.932327,-7.448673,3.323254,6.828062
-4.948565,2.431660,1.556118,0.429785,-6.349145,-6.274243,3.113148,6.262348
-2.260546,4.542443,3.520177,-0.373167,-4.408803,-1.704174,6.780195,1.743452
-2.180536,0.272013,-1.669495,-0.927239,-4.338516,-5.323402,1.304582,3.935414
-4.033148,3.195666,0.724594,0.055312,-5.737533,-5.213567,4.875177,5.844474
-4.484307,3.357965,2.820850,-1.547435,-3.261015,-4.139869,6.548080,3.591154
-3.811416,3.093979,1.309872,-0.939369,-4.637194,-4.631608,5.887897,4.514720
-4.144285,2.333717,0.878474,-1.805516,-5.174106,-6.358854,4.884028,4.114946
-2.291877,1.520040,0.759567,0.186788,-4.044825,-6.125861,2.768871,2.706626
-5.111783,3.313547,1.915390,-0.773549,-5.003369,-4.384347,5.739043,7.186009
-0.626091,3.374123,0.732772,0.155134,-2.897332,-0.055910,3.570259,3.521545
-2.244091,3.706205,2.302127,0.216335,-4.218561,-2.120199,5.150242,3.138810
-1.542527,0.205270,0.239473,0.402546,-4.699385,-5.384112,1.220532,4.649684
-4.654272,1.592984,1.453078,-1.247441,-3.822116,-2.863695,3.640545,6.270757
-2.095794,3.367403,2.009738,-0.647126,-2.358305,-1.740273,6.293608,3.625461
-4.247801,1.676350,0.661709,-0.036816,-5.305936,-6.983284,2.911696,4.017833
-1.906807,1.591631,0.129286,0.970297,-3.848620,-1.892382,2.615253,5.887907
-1.655434,4.426260,4.000771,-0.301308,-3.148425,-0.859862,6.822686,1.719486
-4.969951,2.131259,0.012132,-0.068565,-6.805193,-6.659672,2.542181,8.526020
-3.927823,0.692163,2.237231,-2.283728,-3.625374,-5.776845,4.141207,2.416863
-5.425014,2.573314,3.377188,-2.050121,-3.632640,-3.417391,6.064186,3.864955
-3.556436,4.352142,2.378297,0.172674,-5.590210,-2.320974,4.464636,5.663022
-3.915717,1.578196,0.585761,0.601081,-6.618213,-6.906503,2.080099,7.155263
-4.663880,2.908361,0.557259,0.187979,-5.098162,-4.138626,4.351216,6.536530
-5.196751,0.734167,0.123501,-1.372098,-5.176581,-6.159803,1.792817,7.000121
-2.823964,1.519526,-0.024921,1.654600,-4.103094,-4.446578,3.118287,3.539592
-5.040828,3.459390,1.297474,0.053795,-5.575697,-4.842501,4.892561,5.646166
-4.504900,1.938939,0.646604,-1.706001,-6.283585,-7.448897,3.550715,5.294101
-3.073338,1.587110,0.687182,2.028303,-5.778508,-4.774983,2.230599,5.722030
-2.592521,1.560136,0.470949,-1.168997,-6.249969,-6.711536,1.854194,5.315853
0.468851,3.676681,1.059564,-1.830556,-2.056466,3.269776,3.129138,1.102747
-2.198764,2.566479,2.002611,1.083985,-2.307581,-1.408245,4.113473,3.437159
-2.179339,0.800253,1.581929,-0.488149,-5.257045,-6.249196,1.559436,4.993606
-4.999216,2.396035,3.552880,-2.054080,-4.526604,-4.053167,5.165082,5.147645
-2.733427,3.109024,0.688215,0.694144,-4.206275,-1.670007,4.067141,4.408472
-0.912519,1.700121,1.798014,1.057961,-1.271005,0.012609,3.260645,1.628537
-1.429895,4.293034,3.296179,-0.874567,-1.591779,-1.048779,7.764483,0.687488
-1.229147,1.489489,-1.708115,-0.440019,-3.076271,-2.190500,2.530215,4.012585
-4.062438,0.998430,0.933925,-0.185104,-1.583212,-3.944602,3.800697,2.004531
-3.241382,3.292962,2.507250,-0.059776,-4.432350,-4.522828,5.133526,4.268052
-2.476109,3.700424,2.150551,-1.224357,-5.377458,-0.945947,3.375584,4.610097
-0.269863,1.903811,0.867769,-2.059962,-0.998582,-2.639110,4.705544,0.056934
-5.121953,2.016954,0.977921,0.494441,-5.707190,-4.530108,2.383007,8.756757
0.362612,3.033569,3.804190,0.326873,0.753802,1.904226,5.102817,-1.097957
-1.058795,3.247987,5.627749,-0.420595,-0.021287,0.997678,6.959030,-2.312562
-4.531776,3.024196,1.580419,1.357537,-6.531413,-5.267023,2.164717,8.017664
-3.736369,2.059667,-0.253806,-0.263010,-5.189190,-3.790273,3.381330,7.046954
-2.597596,3.155734,5.084258,-1.477871,-3.207906,-4.516933,6.297306,0.090227
-4.702301,2.424520,0.555821,0.728784,-7.035262,-6.903018,2.458185,8.478383
-4.769325,4.111912,2.466639,-0.315518,-5.529333,-5.042035,5.489022,5.789585
-1.625225,4.742229,3.248423,-0.482063,-4.047852,-0.876666,5.872306,3.019024
-3.272705,4.276360,2.408828,1.118235,-5.196280,-2.905674,4.626298,5.397243
-0.195575,-1.592721,-0.240699,-0.751449,0.429855,-1.171415,1.746858,0.549681
-4.181681,1.351519,-0.151829,0.576969,-4.823152,-6.149353,2.361351,5.380042
-2.521095,-0.006872,-0.524442,0.546966,-2.712631,-4.587703,1.920325,3.560709
-2.953067,2.049884,1.858483,0.297217,-3.842663,-0.992899,3.718888,3.393699
-4.699425,1.980639,-0.566224,1.007600,-6.892603,-7.314141,1.726995,6.671803
-4.516645,4.023086,0.538068,-0.451927,-5.059388,-2.546389,4.429018,7.850323
-1.166883,2.346790,1.304928,0.289121,-5.550881,-1.954478,2.190489,4.371608
-5.923420,1.898968,0.376064,-0.287988,-6.764023,-6.787435,2.799529,8.290837
-4.382866,1.222912,2.078254,-1.262784,-5.855338,-7.492202,2.697420,5.641818
-6.318106,1.899560,1.371189,-0.468252,-5.831124,-6.034420,3.578347,7.156849
-3.867737,2.095319,1.262498,1.601001,-5.125800,-5.583382,2.198263,6.354294
-4.328336,0.033618,2.219812,-0.763388,-2.013528,-4.742576,2.443053,2.161311
0.896167,1.453321,3.224572,2.927432,2.218067,1.271182,1.892112,-1.303874
-3.026978,3.334051,1.014008,1.279458,-5.985232,-2.928817,2.710227,6.612878
-4.157103,3.629525,2.347858,-0.564151,-5.203456,-5.201376,5.631664,5.077024
-3.567995,2.380228,0.895671,-0.939095,-5.249880,-5.986479,4.442819,4.880125
-0.406960,2.189534,0.513857,-0.779640,-3.548506,-2.600530,1.997301,3.025042
-1.424162,4.226208,2.335262,0.486368,-3.468061,-0.689275,3.647584,3.954707
-1.322221,3.360753,2.078261,0.660076,-3.514824,-0.487013,3.109001,3.716163
-4.549441,2.168330,0.393614,-0.127906,-6.170464,-6.778151,3.284146,6.312793
-2.556380,3.185452,0.050918,0.730741,-4.149140,-1.110574,3.311049,6.083565
-5.066899,2.786234,0.396667,0.406869,-5.581984,-3.886171,3.718069,7.652381
-0.702315,4.187422,2.814568,0.641160,-2.814452,-0.364504,3.783555,3.033500
-0.943527,3.407053,2.782176,-0.137963,-3.251256,-0.116385,4.564762,1.382471
-3.054586,1.302244,-0.946451,-0.405837,-4.964292,-5.853046,2.406955,5.128824
-2.773811,2.094732,0.539223,1.424731,-5.922028,-5.562567,2.298322,4.820590
-0.606221,3.337374,1.730737,-1.120776,-5.348364,-2.251231,3.548726,2.812203
-4.026763,2.564774,0.546162,-0.467057,-4.703050,-5.142457,4.753822,5.468853
-2.651343,1.284788,2.210599,-1.318517,-1.268542,-3.272931,5.177087,1.729244
-2.925444,4.088681,1.208027,-0.180731,-3.798570,-1.968705,5.477911,4.162186
-4.191533,3.428494,4.388112,0.641565,-5.117818,-4.101532,4.931855,4.839958
-2.132687,-0.009632,0.792244,0.568029,-1.692876,-2.395671,2.401070,3.598555
-2.493529,1.271358,1.232788,-0.368673,-5.438403,-6.138821,2.707437,4.772889
-5.170557,3.462693,2.648716,-1.194964,-6.155314,-6.622513,5.331436,6.177434
-2.076644,4.335230,3.080451,-1.055157,-3.960030,-1.665254,6.906872,1.781271
-5.233245,2.793635,0.914484,-0.017880,-5.720058,-6.187591,4.111766,6.604008
-4.902713,0.366729,-0.237931,-1.052326,-5.025774,-6.517474,2.067922,6.853807
-4.158682,1.040489,0.409634,-0.018598,-6.664022,-7.719964,1.758463,6.867033
-4.861020,2.099892,0.231943,-0.402858,-4.777095,-3.569608,3.461651,7.094706
-2.568985,3.416380,1.486829,0.181019,-4.628337,-3.916269,4.618422,3.679600
-4.874626,2.988863,0.290088,0.781403,-6.342440,-4.820391,3.537216,7.364087
-3.427873,1.732165,1.179748,1.616419,-4.708858,-3.612292,2.445406,5.544892
-0.670475,4.576719,3.237785,-0.945008,-2.779714,-0.210277,6.597576,0.458474
-3.201878,2.007187,0.684253,-0.503471,-3.744236,-4.168368,4.493134,5.236466
-1.533804,1.474805,1.768828,0.896188,-2.309187,-2.404024,3.185469,2.311874
-2.689470,3.074470,2.574496,1.151544,-4.168505,-2.728318,4.263768,4.066058
-4.646935,2.280850,1.132259,-0.296211,-4.390806,-5.790736,4.177999,3.658015
-4.965918,1.152020,1.084105,-0.193252,-5.913206,-6.657740,2.553304,6.937912
-3.698825,3.463856,2.116028,-0.044963,-4.290605,-4.454721,6.088740,4.434249
-5.227939,2.242705,-0.141738,-0.135199,-7.301479,-8.167396,2.399264,6.844616
-2.175281,1.581317,1.651479,-1.788999,-4.445337,-5.647643,2.494540,3.304766
-2.849471,3.182970,2.567837,-1.065996,-2.395901,-3.971855,6.606309,1.839010
-3.761014,1.023443,-1.339821,1.007948,-6.514063,-6.989204,1.008399,7.621765
-1.382855,4.024769,5.316885,-1.296234,-2.520066,-0.265580,7.366249,0.108634
-1.689052,4.397682,2.448111,-0.620905,-4.353864,-1.297401,5.691284,3.524426
-1.580376,1.173197,-0.856659,1.328974,-3.686580,-3.583406,1.705692,4.714742
-3.996176,1.467988,1.980777,-1.612828,-5.462958,-6.897619,3.652078,4.838898
-2.034610,3.785929,2.207711,0.046471,-5.641449,-1.874246,2.940275,5.582084
-3.161079,4.166800,2.653667,-0.127076,-5.200281,-2.623834,4.945599,5.106767
-4.320892,3.290333,1.478926,0.719550,-5.750859,-5.053181,4.339631,5.850895
-1.189885,1.518554,0.584476,1.785787,-2.844261,-2.127367,2.566609,4.045323
-5.824522,2.042656,0.277459,-0.311156,-6.517094,-6.020223,2.778527,8.789817
-3.130718,-0.764872,-0.850486,1.043825,-3.648106,-5.965429,-0.244348,5.035198
-4.032789,1.418972,2.412924,-0.380104,-5.572448,-7.327748,3.236120,4.251776
-2.452253,2.455332,2.296359,-1.589321,-4.569855,-5.646428,5.355525,2.805172
-1.549596,2.950238,1.221245,-0.277749,-4.149269,-0.666160,4.153572,2.486301
0.226777,4.016013,3.888440,-1.055218,0.040595,1.170454,7.369166,-1.890558
-3.033249,3.284844,0.796006,0.084666,-4.774314,-1.656602,3.649900,5.323187
-3.421294,1.799060,-0.803704,0.038688,-5.017735,-5.609489,3.124806,4.855072
-0.358114,3.429427,1.067425,0.485948,-3.196919,0.194440,3.459814,3.178585
-4.582171,0.496664,1.269290,-0.936298,-3.767120,-6.023590,2.297587,4.400309
-2.637239,-0.139060,0.073764,-0.099603,-2.430924,-5.279086,1.580045,3.446785
-4.242104,2.570001,1.659954,0.022946,-2.925947,-3.843475,5.360137,3.562775
-3.019518,2.219403,1.150071,-2.226494,-2.923051,-4.473188,5.358194,2.683728
-4.534630,2.904497,0.681102,-1.299461,-4.139176,-2.498312,5.730959,6.285352
-5.609529,3.304098,2.066546,-1.315872,-5.405817,-6.011780,5.721166,5.654828
-2.913514,2.962130,0.053609,1.513928,-5.774964,-4.469417,3.399204,5.440156
-1.996831,4.162997,1.500740,-0.428253,-4.404433,-1.217466,4.578702,4.099433
-3.631892,2.429223,1.209348,-0.519314,-6.056658,-7.000370,3.505835,4.156911
-2.514697,1.238476,2.733573,-1.612675,-3.794486,-5.193868,3.753719,2.556734
-4.264657,1.699618,-0.486820,0.951960,-8.248010,-8.214375,0.508309,7.926711
-4.260261,2.471682,0.385320,1.763081,-6.798070,-6.348558,2.538055,7.711012
-0.238757,3.321616,2.600660,0.776471,-2.458296,-0.093467,3.778000,1.391380
6.382905,-1.956310,0.620505,3.906598,8.401293,6.794361,-3.558343,-5.319441
4.577377,-1.636110,1.270659,0.300648,8.979418,7.128014,1.267161,-5.080034
5.688585,-0.768139,0.479297,0.857777,8.865191,8.664049,-1.799919,-7.009499
0.655773,0.086944,2.177557,-0.621585,4.007082,2.000144,5.242148,-4.673492
3.696157,0.822119,2.529528,2.191919,4.568573,5.561197,-1.294894,-3.721256
4.028492,-1.274145,0.923730,4.520584,7.473823,5.119374,-5.684533,-3.062935
4.202105,-2.255065,0.072124,4.186214,7.344848,3.655492,-1.963885,-5.914419
5.743447,-1.402196,2.675316,0.992555,10.531712,7.819540,0.905175,-10.279753
6.820530,-3.328354,-1.288177,4.374611,8.841550,5.070067,-5.663632,-5.337883
6.627875,-1.630777,2.181871,0.916894,8.363222,5.017094,0.085158,-9.370613
5.795172,-0.159001,1.411138,-0.800820,8.805464,9.310571,-0.063303,-7.667323
5.351887,-1.436350,1.720857,0.754922,9.510327,8.093143,-0.331044,-7.923458
4.140019,-5.952422,-1.462218,4.212181,7.236372,0.321511,-7.769478,-4.568338
6.589639,-1.903593,-0.615622,3.533952,7.615162,6.202632,-4.434876,-4.778028
5.516576,-1.816192,-0.130473,1.314897,6.502073,4.351890,0.100542,-6.578899
5.048196,-1.134139,0.534825,2.108047,7.990240,6.538026,-0.190594,-6.661195
4.919632,-4.526471,-2.731860,5.836142,6.537124,1.464533,-8.857521,-2.937835
4.917651,-1.860838,-1.011300,6.257008,6.140407,3.094755,-6.166381,-2.538560
6.001714,-1.447555,0.035958,3.288392,6.856848,5.925400,-3.639787,-5.939453
4.969138,-2.264559,0.841098,4.708910,7.437807,5.038267,-3.814727,-4.281619
7.391171,-3.319032,-0.928967,3.271935,8.977776,6.061957,-6.802485,-6.800008
4.550247,-1.473237,0.307300,4.913600,6.874299,4.741282,-4.023755,-4.599581
5.614208,-1.910675,1.273419,1.656460,10.142181,7.511844,-2.567169,-8.050767
3.917481,-0.256796,1.693748,0.656285,6.729456,5.864078,2.807814,-7.253536
4.998235,-1.719345,1.168491,0.884891,8.952852,6.485369,1.882108,-8.041359
5.978750,-1.545661,-0.602979,3.741547,7.492108,5.435732,-4.068072,-4.920056
5.207254,-4.437312,-2.854651,6.097584,5.347954,0.258845,-8.931931,-1.170643
4.902248,-1.543132,1.585457,2.846445,9.944401,7.557252,-1.243862,-6.989883
5.501252,-4.296295,-2.340755,4.924032,7.427931,1.993884,-7.214161,-5.748045
6.066666,-4.499531,-2.479246,5.510267,7.037320,2.297929,-8.358582,-4.191818
5.932844,-2.461100,1.406268,-0.851046,9.092625,5.578525,1.561225,-9.698056
4.870807,-2.950608,0.338122,6.035030,6.492154,1.851983,-4.206946,-4.884995
4.903400,-3.502797,0.303389,1.350942,8.006214,5.093037,-3.770914,-6.603651
0.983148,1.340476,-0.029258,1.155452,-1.683957,-0.980936,1.180492,0.037325
4.636846,-4.802300,-3.392237,5.419665,5.312122,-0.184742,-9.811842,-1.850117
5.015750,-2.169549,0.349030,0.077999,8.829069,6.167484,-0.003633,-7.371431
3.318263,0.254229,2.575470,0.136414,7.469476,5.215536,3.892317,-6.759336
5.231772,-0.037886,1.684482,1.167123,7.952495,7.582386,1.246186,-7.057343
4.697578,-2.415128,0.247248,4.695530,8.141710,3.857377,-3.038526,-5.844760
5.889886,-4.162895,-2.248845,4.014441,8.321664,3.756044,-7.868611,-5.813662
5.960861,-4.654896,-2.855068,4.984986,6.858526,2.257775,-9.404612,-2.600561
7.176506,-3.480772,-1.354374,2.967092,8.966915,5.817532,-7.616030,-6.076509
4.451749,-1.532072,0.745968,1.321040,7.086844,4.755471,1.456181,-6.691946
5.311774,-0.224379,3.228651,0.980326,9.261692,7.279279,2.016200,-9.196830
4.760250,-4.967714,-3.376141,5.089977,5.802250,0.234662,-9.860592,-1.565597
5.260619,-5.085547,-3.096631,4.715198,7.032029,1.169924,-9.351464,-3.008445
3.788592,0.412665,1.405521,2.575520,6.998649,4.336348,1.074590,-4.399220
2.538838,0.535898,2.118800,0.826004,4.060462,4.151214,3.399411,-5.480732
3.170755,-4.310181,0.123655,-0.968975,6.409895,1.670824,-3.081760,-5.553810
4.286918,-3.062439,-0.270986,4.772513,8.013624,2.887373,-4.016229,-6.342826
6.185927,-4.122935,-2.242406,3.706663,7.843546,3.936651,-8.654722,-5.057230
6.521139,-2.085064,1.076484,1.120545,10.827726,8.715591,-2.437402,-9.383564
6.287980,-1.608251,0.825893,2.689235,8.871143,7.014163,-3.225171,-6.469056
-0.635032,3.064362,0.844566,-0.761060,-0.542790,1.259323,5.448108,2.196388
3.114523,1.834376,2.000437,1.168889,2.093066,3.311369,2.278769,-2.814400
5.156437,0.181352,2.751620,0.098469,9.638672,8.070650,2.554279,-9.540906
5.009680,-0.122684,1.125503,1.951693,8.596062,6.691729,0.494973,-6.586770
5.300074,-4.410315,-2.885171,5.404324,6.169597,1.649858,-9.187780,-2.900093
5.151625,-2.998071,0.205047,5.044805,7.995542,4.771903,-4.182251,-5.919448
5.598297,-4.812232,-2.127845,6.368970,6.266835,0.625065,-8.734532,-3.404827
3.697991,0.569032,0.689670,1.346210,3.907779,6.429852,-1.948776,-2.661836
6.453450,-2.555108,-1.611948,4.923909,8.093952,4.528367,-6.470081,-5.315788
7.247535,-2.005699,1.587527,0.795942,9.998558,7.081059,0.701075,-11.015311
3.398093,-0.517786,1.658957,1.416988,3.735076,3.342486,2.768787,-4.326134
5.954173,-4.417414,-2.512791,3.232909,7.872690,3.196768,-8.801455,-4.817788
2.233020,0.735796,2.734117,1.171179,4.593198,4.295522,2.950828,-4.212118
5.231430,-3.017297,0.027997,1.616833,7.572938,3.616564,-1.847473,-7.432254
5.572272,-4.607519,-2.863542,5.418037,6.300326,1.371083,-9.203432,-2.771666
4.761107,-4.327281,-2.448919,5.640519,6.933391,1.995314,-7.792568,-3.792843
7.004840,-2.707828,-0.760372,4.067456,9.703665,6.399772,-6.460542,-6.191264
3.293998,-3.793728,1.555283,-0.495716,6.592740,2.024044,-2.286497,-6.711374
5.858470,-3.369465,-1.897486,3.495586,8.860920,4.921114,-6.377176,-6.386245
7.144456,-0.483734,2.776030,-0.301022,10.933626,9.974730,1.290093,-11.599858
4.576116,-0.355936,2.126488,0.378887,6.033893,4.467816,0.889788,-7.905077
2.756479,-1.588057,1.795356,5.152167,6.366852,3.629310,-5.620092,-2.947619
6.561688,-2.117411,-0.925879,4.445863,9.062065,5.908249,-5.886066,-4.205976
5.207458,-0.803494,0.973062,4.411707,7.859875,5.673307,-5.823018,-4.727307
4.523647,-4.548041,-3.226879,5.705242,5.859907,0.563491,-9.149975,-2.530288
4.142649,0.410946,1.046973,0.846706,4.715465,6.459433,-1.097703,-4.762297
5.335330,0.013090,0.205312,1.402335,6.891356,7.142682,-0.356295,-5.185248
6.581553,-2.131594,0.143964,3.697777,10.136277,6.907550,-4.109767,-7.100594
6.681872,-3.469711,-0.515820,3.524329,9.816132,5.585602,-3.134600,-7.741132
5.153023,-2.363060,-0.240526,2.476556,7.791042,3.515869,-0.907129,-7.484608
6.296167,-1.533578,0.011744,2.768975,8.132426,6.385453,-2.706844,-5.825648
5.602087,-3.677310,-1.596414,6.130194,7.324689,2.722113,-7.543116,-3.103442
6.811126,-1.836321,1.368659,2.587530,9.499208,7.569895,-3.023202,-8.339175
4.319861,-4.821436,-3.174146,5.754643,5.680066,0.034721,-9.074284,-2.572691
5.162079,-2.309731,0.829539,0.037100,9.036158,4.402933,1.457793,-9.626658
4.117689,-0.023350,-1.121627,1.048354,3.836493,5.941683,-0.979511,-2.494031
4.259893,-0.942861,1.146349,2.824626,7.751975,4.426331,0.185670,-6.149318
6.155173,0.622277,3.833286,-3.652374,10.620621,8.936479,5.573746,-13.277813
6.534840,-3.444336,-1.461173,2.754127,8.999664,5.724804,-7.927384,-6.106641
6.430945,-3.664513,-0.518704,4.821847,9.072081,4.488903,-4.885643,-7.297575
5.628086,-2.214238,-0.373331,2.851229,6.921326,4.451955,-2.023320,-6.625051
7.218226,-2.633208,-0.437319,4.298953,9.878120,6.698966,-5.696363,-6.683826
7.172959,-3.420136,-0.367850,2.968122,10.742442,7.073472,-4.379412,-8.614289
5.530609,-1.251643,1.886276,0.303952,8.931647,7.927238,-0.237133,-8.043740
4.661298,-1.075243,1.502340,-1.970352,9.789265,9.264369,0.316569,-7.701398
4.874987,-4.577337,-1.852073,6.312387,6.537957,1.357836,-8.001737,-3.523352
2.305715,-0.461612,1.078764,1.364630,3.643044,4.027933,0.653536,-2.677849
6.995809,-3.481938,-1.791723,3.590578,7.844603,4.705557,-8.390341,-5.441311
4.611746,-0.086775,3.397046,0.217202,7.811026,7.579637,2.770148,-8.456037
2.546257,0.477919,1.741891,0.088080,4.602151,5.329096,-0.346934,-4.240937
2.642413,-2.146656,1.640356,3.659196,7.075861,3.987371,-3.051379,-3.882634
4.677301,-0.328515,1.010139,1.393705,7.096523,4.719222,2.277080,-5.627634
2.743159,0.335185,3.984791,2.042542,7.728930,6.026069,-0.947144,-5.443936
6.046799,-2.049608,-1.516007,4.246885,8.226784,4.869916,-5.388398,-4.258209
4.208639,-2.815743,0.466359,0.792579,7.668194,4.302144,-2.468796,-6.421956
6.321994,-1.074403,-0.285678,2.423227,8.983269,6.468746,-1.962642,-6.358792
4.492171,-0.137092,0.739175,1.774650,7.143776,7.055716,0.513961,-5.520589
4.603321,-4.966247,-3.214775,5.638858,5.435145,0.058835,-9.588915,-1.750667
4.922815,-5.074910,-3.444130,4.597550,6.316055,0.606537,-9.578819,-1.695520
6.384905,-1.459274,1.473582,1.823417,10.515232,8.504644,-2.413641,-8.751008
5.154640,-1.745345,-1.223349,2.729478,5.733791,5.461382,-3.596653,-2.991970
2.236070,-1.490646,1.267289,4.135322,6.380500,3.749113,-5.731152,-1.663253
5.277556,-1.656987,-0.054282,0.518948,6.885318,5.296570,0.196223,-7.299016
3.708132,0.633325,2.375525,0.526239,6.897737,5.515084,2.669782,-7.098147
4.903273,-2.507031,1.015069,4.973703,8.699469,5.114863,-3.699858,-5.548896
5.121165,-2.129520,1.161774,-0.153875,8.899819,4.369916,2.119917,-8.973229
6.902962,-3.436806,-1.116851,3.179656,8.875425,5.464503,-7.554374,-6.704589
6.019309,-1.157235,1.613702,2.054385,8.403962,6.842103,-1.346852,-7.055487
5.223914,-5.342277,-2.853411,4.740540,7.051372,0.827029,-9.026873,-3.435413
5.051968,-4.415649,-2.847767,4.962180,6.739659,1.274952,-8.455358,-2.000258
7.018566,-0.132401,3.433700,1.097759,10.276689,8.252636,0.626038,-10.995730
0.886156,-0.688713,0.398043,1.819819,4.473495,0.961783,2.344472,-2.247766
5.266638,-5.097370,-2.651181,5.022780,7.166605,1.395548,-8.698090,-3.964486
2.815468,-0.590915,2.503251,3.880681,6.728243,4.829442,-4.874968,-3.809387
6.007151,-3.550024,0.081950,4.502836,7.006747,3.656466,-4.009375,-5.383459
5.097726,-4.566508,-2.805122,5.825861,6.746334,1.463337,-8.575806,-2.005990
2.976656,2.028306,1.815589,-0.089110,3.429057,5.354031,2.953907,-3.663770
6.275327,-0.655245,3.239794,0.190672,9.701833,7.227337,2.447144,-12.111274
4.175149,-0.700296,1.481191,0.666049,8.678072,6.521591,2.124525,-5.161715
7.164655,-3.004600,-0.444211,2.494949,10.144179,7.133398,-5.365721,-8.274255
4.782655,-3.703012,-1.215853,2.403076,7.022391,4.228725,-4.111343,-4.291835
4.918006,-0.839628,2.677154,3.527700,7.741362,6.190337,-1.475197,-7.426801
4.688443,-2.193204,-1.255889,0.122128,5.115830,4.184884,-0.459458,-4.197034
5.618794,-1.157979,0.720617,1.966697,8.480939,5.800292,-0.259847,-8.044704
3.272560,-3.090072,-0.906295,6.648198,5.517656,0.491317,-6.080889,-1.717382
3.442056,-4.698244,-3.300466,6.062864,5.148563,-0.735365,-9.654838,-0.087893
1.592294,-3.999554,-0.834243,3.468476,6.467117,-0.559531,-4.042104,-2.057263
5.684707,-3.348511,-0.798539,4.540403,7.678385,2.116953,-3.879907,-6.788547
6.177958,-0.154938,0.399662,1.080613,8.907504,7.715144,-0.322534,-6.981961
6.868545,-3.343240,-0.977944,3.257574,8.859536,5.557889,-7.431975,-7.310733
6.250933,-2.193061,0.107442,2.474340,10.097449,6.082903,-1.306570,-8.322064
5.452811,-2.871663,-0.024678,3.910581,8.663389,4.633796,-5.720542,-6.860894
5.088099,-3.699987,-2.792714,5.743180,6.503281,1.493820,-6.854652,-3.578851
4.540063,-2.006407,1.079345,4.786984,8.973398,4.738054,-3.400111,-6.339067
8.092010,-1.657722,1.666655,1.778750,9.641666,8.077930,-1.605923,-9.340812
5.086324,-1.248384,1.899371,2.485706,8.347388,7.117955,0.179326,-7.326221
5.469779,-1.770919,1.816497,0.475209,8.076062,6.268052,-1.760459,-7.413337
6.163340,-2.050939,1.589707,1.897185,8.978247,5.985857,-0.352097,-9.029572
3.900262,-0.673462,0.997888,1.171788,4.983550,3.372907,1.148507,-3.030663
6.918074,-3.009020,-1.214690,2.517854,9.718962,6.275975,-6.739752,-7.087478
7.456727,-3.159225,-0.223804,3.634267,8.574251,5.418338,-6.806995,-7.024983
2.230842,2.232822,1.068667,-0.704656,3.385613,4.137353,5.167801,-3.186872
6.445712,-2.587487,0.617168,2.726035,9.809332,7.009842,-3.001525,-7.321438
5.107982,-1.406836,0.630965,4.123013,7.771979,5.728314,-5.506813,-4.070637
5.769042,0.016935,4.143210,-1.218316,9.302965,7.450798,5.413517,-11.900674
4.718757,0.668149,3.188848,-0.547924,7.354287,7.373869,3.880571,-9.406689
5.008419,-2.847387,2.746836,-0.871725,8.928294,6.426104,0.631972,-7.646575
3.925559,-3.286252,1.798623,1.749390,7.885318,3.241570,0.790399,-6.131079
7.288849,-3.050687,-1.218028,3.101983,9.732100,6.508371,-6.552835,-7.591570
6.884603,-1.045003,2.069298,-0.462736,10.527656,7.902999,1.566099,-10.739569
3.365910,-3.865840,0.268931,-1.488774,6.839788,2.693168,-2.431200,-6.108521
6.900602,-2.430019,0.338494,1.917816,10.345258,7.862931,-2.440463,-8.871777
4.012613,-6.020060,-2.249221,3.434266,7.165345,0.638114,-8.683158,-3.501492
4.307098,-0.645681,2.994314,3.626722,8.213641,6.027504,-3.789037,-4.730269
5.862227,-1.170122,1.805179,0.588214,9.651825,8.179831,-1.952122,-7.910674
5.291204,-2.632754,-1.939097,5.661840,7.215231,3.473836,-6.688025,-3.151082
6.070011,-1.699965,-0.521902,3.811873,9.029377,6.308581,-4.079815,-6.249356
4.664472,-1.127923,0.729404,-0.556554,6.480800,3.732076,3.061672,-7.346308
6.665054,-1.190911,0.238239,2.697964,9.790895,7.073459,-2.011792,-6.243524
5.180671,-1.770541,1.126527,3.306908,9.175589,6.832876,-1.732322,-6.854136
5.594818,-0.719313,-0.741879,2.949397,8.761089,6.054991,-3.053532,-5.028547
4.431752,-0.239129,1.710462,1.900563,8.226891,6.119630,1.560255,-7.180481
5.787725,-4.604718,-2.704389,3.679130,7.378802,2.853949,-8.715773,-4.616590
5.712889,-4.188350,-2.110759,4.181551,8.445333,3.591854,-6.859848,-5.346586
4.548243,0.243374,1.896690,-0.018803,6.563764,6.713885,2.223153,-7.383112
4.124748,0.374737,2.887461,0.963222,7.182208,6.946343,-3.765803,-4.060256
4.132106,-5.350010,-2.605898,4.032457,6.727426,0.050343,-9.698004,-3.719643
4.969907,-0.138356,0.551143,1.408596,4.773221,6.080179,0.118722,-3.962470
1.548537,1.527123,1.808390,2.004956,2.142366,2.555585,2.459799,-1.625575
5.054851,1.565085,4.299158,-1.351943,6.288210,5.545789,3.909451,-8.579039
4.282334,-1.642346,0.858980,4.076989,8.042576,5.706764,-2.596069,-5.792185
5.878233,-1.612120,0.021728,4.307428,7.306612,5.466871,-3.859255,-4.984036
5.386957,-4.488986,-2.413684,5.306743,6.683039,2.037622,-8.260078,-3.271627
4.884480,-3.601436,-1.152456,4.523494,7.594944,2.587898,-3.785879,-5.754983
5.134074,-0.264728,2.592934,0.964652,8.763184,7.270583,1.777550,-8.441428
5.097207,-1.864258,0.523486,4.518939,8.315210,5.381001,-4.100723,-4.296447
4.270881,0.091542,1.592671,1.164957,2.925376,3.441815,0.531958,-5.022517
5.495813,-5.092173,-3.077297,4.424896,6.675861,1.673632,-9.799004,-2.915864
4.897772,-4.770229,-2.546406,6.189853,6.299228,1.013466,-8.633300,-2.346222
5.839624,-4.251125,-2.261598,2.867437,8.446779,4.535869,-8.324970,-4.247240
2.030756,1.327737,3.342424,2.124108,4.524501,3.037803,2.487169,-4.134020
2.639877,-5.584158,-2.696630,6.104802,4.681444,-2.428414,-9.907772,-0.083779
3.722786,-2.566964,0.373943,3.352587,8.021700,5.671113,-2.784654,-3.300944
5.426176,-2.936975,-0.700816,4.157346,8.154880,4.934113,-3.496596,-4.668107
4.848880,-2.291740,1.263376,2.122330,8.518352,6.204451,-0.650890,-7.826764
5.678157,-1.241144,1.268591,2.262474,8.187331,7.059828,-0.204339,-6.518387
6.403428,-3.563105,-0.424956,3.069346,9.747868,6.314468,-5.264924,-6.823372
6.787355,-4.439907,-0.753483,4.250048,8.862697,3.569930,-6.191960,-6.559318
5.705362,-0.313816,1.215950,0.577098,8.879657,8.813068,0.444070,-8.122831
4.713334,0.205582,2.077376,1.718381,7.625381,5.874746,1.677303,-6.773243
3.107660,-5.792973,-2.164984,3.451768,6.691762,-0.256999,-9.060915,-2.466972
3.871468,0.710724,3.861955,1.862813,4.778875,5.023013,1.561353,-6.191232
3.990339,-0.907715,2.925842,0.829475,8.180031,5.363278,3.651333,-8.661128
-3.364152,-0.095839,-0.996903,1.218618,-2.349933,-4.827559,0.936250,2.083194
4.228447,-2.952921,-0.912984,4.676992,8.309717,2.843062,-3.757835,-5.612827
7.063633,-2.157971,-0.409489,3.118534,10.396592,7.648545,-4.914969,-5.910535
3.760045,-4.858097,-3.267138,5.520327,5.782951,-0.694124,-8.986907,-2.009460
5.332836,-2.678157,-1.156041,5.841147,7.089388,4.049190,-6.679864,-3.550663
5.421356,-0.814200,0.067576,3.541034,9.280177,6.763251,-3.132655,-6.430467
4.154762,-2.846912,0.002579,5.698309,7.190556,3.389576,-5.370724,-3.496142
4.954978,-0.627000,1.789179,2.933144,8.491474,6.912102,-1.209545,-6.988581
4.428661,-0.794764,0.142908,0.920760,6.990921,5.191713,0.944619,-4.452320
-1.299569,2.143863,1.238493,0.769652,-0.584712,1.170060,3.830287,1.576019
5.573981,-4.531361,-1.319700,5.066359,8.306435,3.103097,-5.930899,-6.634092
4.433681,-4.500018,-2.415629,6.510993,5.384043,0.143019,-8.698172,-2.564522
-2.261056,4.049666,3.297136,-0.941634,-1.950386,-0.096932,6.478820,2.479754
5.696243,-2.228492,-0.889257,1.304256,7.667404,5.456806,-4.265522,-5.781708
5.628704,-2.332236,0.404254,3.124189,9.525862,6.670831,-3.567287,-5.625675
5.471985,-1.191108,0.403779,2.470856,8.347958,6.480756,-1.170632,-6.675927
4.397494,-4.888632,-3.036977,5.482991,5.710282,0.220655,-9.417086,-1.426919
3.489050,1.058299,2.808402,-3.166886,8.158051,9.336058,3.895318,-8.194728
4.427176,-4.776923,-0.443228,2.838083,6.405274,0.962538,-6.150420,-4.611220
1.082599,1.506780,2.591650,1.637983,1.113081,1.533244,3.626000,-2.609998
3.673301,0.100796,3.856387,1.344286,7.808839,6.749713,-3.174812,-5.809588
4.306928,-1.858426,0.241146,4.478757,6.164710,3.765657,-3.286274,-5.466634
6.415923,-4.672911,-2.283319,4.777103,6.633984,2.158785,-9.160164,-3.474402
6.161299,0.630102,3.761736,-1.959101,7.421779,6.782353,5.790121,-10.650749
5.873169,-4.309660,-2.738483,5.350711,6.396750,2.216460,-8.797575,-3.801996
4.533550,-0.190139,1.402967,4.165850,7.120886,5.351734,-5.523999,-3.820008
6.152833,-1.503747,0.803671,1.119496,9.584859,7.504834,0.622905,-8.453197
5.429172,-1.146636,0.856079,3.496140,7.912999,5.884776,-5.648951,-5.124331
2.243750,0.547942,-0.865602,1.189953,1.403655,4.077743,0.243946,-1.196878
5.942226,-2.634930,-0.621415,2.989200,8.940983,4.611682,-3.072897,-5.594657
4.912639,0.282387,0.651598,0.070869,5.722296,6.445798,1.977283,-5.492709
5.187752,-2.180203,0.139699,3.525281,8.276958,6.259700,-2.580892,-5.446238
5.553304,-1.972708,0.317183,3.224802,7.460894,4.328093,-0.741248,-5.672530
6.653524,-1.366306,0.138492,2.488311,9.659246,8.792224,-4.079343,-6.879483
6.835586,-2.238865,0.297041,2.852586,10.176578,8.080251,-4.276637,-7.226848
6.113010,-4.277679,-3.089613,4.567390,7.167077,2.296897,-8.869478,-3.164724
2.771337,-0.232320,3.202964,-1.781422,6.212161,4.898743,3.868352,-8.505116
4.816784,-2.753443,-0.947241,5.704629,7.837131,3.780596,-4.888764,-3.775075
5.184719,-3.722690,-2.936947,5.628841,6.777666,1.802997,-7.678712,-2.305103
5.460310,-3.205748,-1.403594,5.785725,7.442205,3.134389,-7.242533,-3.372781
5.618262,-2.269550,-0.355159,1.880518,7.741168,5.609461,-4.992334,-5.988848
3.853635,-0.502192,1.112098,1.292976,7.018142,5.511054,2.509281,-5.561629
4.794312,-1.882796,0.648878,3.772491,9.005428,5.357219,-1.815853,-6.708466
4.935808,-0.151153,0.396725,3.292536,8.294441,6.134105,-2.173472,-5.168340
4.552148,-1.975227,-1.039932,5.265670,7.511106,3.122302,-4.690530,-4.177764
5.031684,-2.874715,-0.022086,3.852677,8.072142,3.823231,-5.738100,-5.489788
5.872056,-0.667982,1.896574,2.084686,9.679991,7.980396,-0.952901,-9.028047
6.973100,-0.100144,3.114683,-1.895402,10.742223,8.547699,2.718419,-12.993102
5.837879,-1.059347,2.603178,-0.422207,6.481832,4.398624,4.211857,-8.842072
7.435021,-2.632794,-0.290940,3.793175,8.981575,6.261416,-4.958995,-7.216366
5.828552,-1.880084,-0.120676,3.576556,9.127565,5.137370,-2.238913,-5.538254
5.917725,-3.435288,-2.071735,6.299510,6.747128,2.037624,-7.494556,-3.871718
3.707585,-5.279850,-1.565095,4.800965,6.534458,-0.294256,-8.153908,-4.629075
5.698543,-1.755930,1.429623,3.265976,9.526054,6.662874,-2.051318,-6.885521
3.089633,2.082655,3.034450,0.452582,3.292103,3.128422,3.712862,-4.517971
7.183906,-2.690730,-0.834670,4.063534,9.646437,6.509759,-5.056021,-7.372614
3.644755,-0.554498,1.686753,3.547433,7.992008,6.112337,-5.395130,-4.372227
2.379657,-5.519160,-3.428594,4.789457,5.270157,-1.938723,-9.795037,-1.745488
3.227711,-0.012159,3.785042,0.627264,7.144289,5.353873,4.839433,-8.469790
2.494010,0.817431,3.186128,0.231367,6.086616,5.684887,4.929809,-5.728814
5.685127,-0.514512,1.227001,3.096453,7.898651,5.613781,-1.547306,-6.427819
6.246360,-2.575186,-0.127701,3.734270,9.546927,6.874229,-5.267240,-7.320504
2.183780,1.563434,1.158679,0.708381,3.204583,4.370728,2.048486,-2.723754
5.545217,-0.283813,2.612072,1.661962,9.197038,7.827853,0.341727,-7.314514
3.575751,1.404672,0.664487,0.163459,4.410054,5.696783,2.895602,-3.029650
3.212594,-0.590270,3.152800,0.966038,7.715504,5.162752,2.105544,-4.901328
4.362804,-0.843694,2.271942,2.853871,8.462768,6.635759,-4.415914,-5.198916
4.496170,-5.235488,-3.275925,5.184958,5.404081,-0.329176,-10.042255,-1.105823
2.603076,-0.266023,1.601969,2.995683,5.473858,2.594541,1.473260,-4.021110
3.290104,-2.166854,0.738826,3.626852,8.251292,3.735771,-2.765073,-4.648017
6.722112,-4.528140,-2.485951,3.733558,9.064593,4.164257,-8.055301,-5.043836
5.820841,-1.003943,0.178440,0.947037,7.480794,5.360826,0.955244,-7.051119
4.977247,-1.236790,-0.722895,4.752422,7.950452,4.519020,-3.692637,-4.585069
6.536051,-2.114197,-0.019264,4.046822,7.825965,5.827828,-4.471566,-6.034597
5.694881,-0.722642,1.901201,3.371125,7.575055,5.955389,-5.265946,-6.060180
4.238733,-1.323895,2.102937,1.215769,8.994678,7.397060,-2.235191,-6.406795
3.061187,-2.571456,-1.460679,5.970729,6.015913,0.915117,-5.510763,-2.863320
4.844182,-4.180228,-1.735444,5.909957,7.217109,2.011673,-7.333186,-3.539010
4.960941,0.908247,3.360087,-0.834895,7.208897,6.021914,4.953913,-9.282958
6.236388,-3.925872,-2.378467,5.675446,6.915926,2.686354,-8.457964,-3.815196
7.095943,-2.158990,0.214913,1.203488,10.706873,8.433013,-2.985457,-7.854892
4.512908,-1.945113,1.138882,3.342586,6.522792,3.819816,-0.884096,-6.704653
3.939653,1.602335,3.962211,-1.415086,7.556595,7.180842,6.181704,-9.025104
0.995277,0.977097,-0.755327,1.430646,0.602242,2.971890,0.931061,0.596057
7.008968,-2.290050,-0.512780,1.884226,10.351360,7.954086,-6.471609,-7.027996
3.845257,-2.322481,0.006005,4.406952,7.271680,1.517530,-1.869531,-6.214721
6.050727,-2.153498,1.009602,1.490082,9.455389,5.792304,0.812246,-9.608308
1.536383,0.734105,2.664254,2.445138,4.637697,2.038912,1.987587,-3.160463
5.799900,-2.530364,-0.536425,3.558547,8.121760,3.449590,-2.227850,-6.472835
2.714599,-4.711012,-2.668590,6.011954,4.490159,-1.903196,-7.808980,-1.886378
4.407815,-5.277599,-3.010743,5.632019,5.849684,0.034050,-9.512527,-2.295009
6.101512,-2.128751,-0.595158,4.110179,8.191248,5.967990,-3.200822,-6.010989
6.385459,-3.651334,-1.992176,4.020883,8.447782,4.864074,-5.744555,-5.917642
6.026998,-0.235542,1.643542,0.235670,8.067200,7.290293,2.249549,-8.045472
5.633888,-5.265547,-0.746396,4.011352,8.720047,2.443969,-6.015764,-6.127900
2.787526,0.109324,3.388767,-4.090782,5.567356,5.025322,3.990516,-7.505499
5.014212,-1.709747,-0.128156,3.561543,9.176000,5.464035,-3.410822,-5.264897
5.629565,-1.451922,1.034455,2.961575,10.004053,6.662296,-2.580073,-7.827374
6.649259,-4.258017,-1.902625,3.460562,8.942595,4.640218,-6.244640,-6.089379
5.545405,-4.464079,-2.986348,4.715398,6.727076,1.473794,-8.213360,-3.192198
4.061955,-1.598558,1.874528,4.213811,8.367820,5.338035,-2.711566,-4.668996
2.043061,0.958270,1.204027,0.651007,3.883817,3.640202,3.759626,-3.688774
6.979015,-3.055237,-1.285824,3.313420,9.223540,6.021618,-6.850294,-5.981001
4.658156,-1.435549,1.283258,-2.165847,8.028104,6.732927,0.721990,-7.550569
6.529936,-3.250742,-1.089963,3.082854,8.524986,5.902279,-7.176463,-4.778445
3.007609,0.083997,4.210550,1.181712,8.161907,6.841762,-2.008748,-6.471443
4.466317,-2.553793,0.424805,4.945242,8.776262,4.218557,-3.563931,-5.264141
6.637738,-3.337131,-2.405976,2.911398,8.241638,5.319214,-8.391939,-4.247186
5.622726,-4.523177,-2.765856,4.555132,7.715083,3.244582,-7.811332,-3.238470
5.789929,-1.505155,-0.712484,3.618999,7.800221,5.303403,-3.638136,-4.342199
3.415241,-4.533311,-3.197019,6.479466,4.693415,-1.333577,-8.560616,-1.395568
4.384387,-1.316431,2.441827,1.913432,8.405790,6.412774,-3.897190,-4.208949
5.335155,-4.180953,-3.341163,4.914134,6.453704,1.377873,-8.883707,-1.931974
3.646097,1.136479,5.805983,-0.468596,8.200085,7.782117,2.102666,-7.729423
-0.827670,-0.278388,-1.211103,1.814315,-1.363889,-2.185185,0.865786,2.981443
6.440845,-2.349137,-0.946798,4.144173,8.168188,5.812018,-4.924778,-4.890472
5.096662,0.793545,3.903388,0.182865,7.018457,7.047396,1.588789,-7.706124
2.722292,-0.509116,2.809737,2.947364,7.707899,5.784686,-3.395006,-3.643095
4.735103,-3.716665,-1.738557,2.274185,7.079522,3.504650,-6.088718,-3.049504
5.409072,0.307328,2.592833,0.992004,6.752086,6.410274,2.200535,-8.320100
7.159030,-3.719520,-0.727646,3.723695,9.773578,5.800323,-5.790660,-8.307243
0.087447,-2.835545,0.626305,3.775291,2.054634,-0.608351,-1.250464,-0.834833
5.638234,-1.565149,0.151479,1.774828,9.094948,7.828697,-3.744129,-5.167276
3.927403,-0.835846,2.380782,0.769734,9.169015,6.098747,2.241350,-9.195976
4.282083,-4.599505,-1.656091,3.197628,8.084110,1.703510,-4.826287,-4.896691
6.405163,-1.772086,-0.159150,3.957322,9.105601,6.010729,-3.775021,-6.174902
4.884267,-0.524064,0.712552,0.162426,6.914442,6.692573,1.852449,-6.765750
6.705893,-4.353780,-1.032676,5.022188,6.547549,1.559999,-8.989051,-4.152261
5.646810,-3.311661,-3.102632,5.983219,5.579586,1.029380,-8.472474,-1.057346
5.515002,-1.255740,3.031400,1.935288,6.963766,5.611683,-2.688849,-7.895875
4.939318,-2.750973,-0.976194,5.725492,7.333365,3.774115,-5.686611,-4.194430
3.831456,0.106266,4.127174,2.213974,7.628149,6.423124,-1.841141,-5.845238
6.523886,-2.672026,-0.879503,2.839153,9.835689,6.380722,-3.747311,-5.842113
3.141759,1.130904,1.961320,0.688594,5.180844,3.730381,3.165687,-5.089953
6.242214,-3.520408,-1.584208,5.432456,7.560004,3.850744,-7.081152,-4.098786
5.365994,-4.738155,-3.576780,4.896830,6.320993,0.650172,-9.662474,-2.735453
3.947896,1.128788,1.698361,0.257395,7.012156,6.273367,3.588561,-5.724537
6.502923,-3.394645,-0.677275,3.723597,8.418625,5.210587,-6.278647,-6.182315
6.697240,-2.326212,0.517936,1.717199,9.818993,7.525125,-1.771468,-9.029622
3.922520,-3.178495,1.466240,-1.775125,7.738899,4.284623,-1.050277,-7.799972
5.674679,-0.529510,1.939878,-1.005475,8.272787,6.691246,3.354894,-9.555033
6.051336,-0.603163,2.208706,-0.045472,9.266177,7.023933,1.899235,-8.412681
2.265721,0.425454,4.590691,0.402632,8.216841,6.638936,0.981374,-5.721601
